
GC Util
26.173746794124504
21445
172.0
0.0
15.0
29.662231962724867
-113.63230050797237
0.0
heapSize
375.0543557938914
21445
640.62
100.0
375.0
152.65043037523026
numThreads
75.20401025880159
21445
100.0
25.0
100.0
35.28336966512998
GCInterval
99.99533690837025
21445
100
0
100.0
0.6828683350215122
Correlation
                Time   GC Util  heapSize  numThreads  GCInterval
Time        1.000000  0.114993  0.982516   -0.056206    0.009261
GC Util     0.114993  1.000000  0.114633    0.044566    0.006026
heapSize    0.982516  0.114633  1.000000   -0.060972    0.012305
numThreads -0.056206  0.044566 -0.060972    1.000000   -0.004799
GCInterval  0.009261  0.006026  0.012305   -0.004799    1.000000
R Means Squared
30.297229681437596
