
GC Util
44.753346080305924
21443
152.0
0.0
47.0
23.870562844572476
-86.45477884512759
0.0
heapSize
375.04182810241105
21443
639.06
100.0
375.0
152.64656464089592
numThreads
99.6572307979294
21443
100.0
25.0
100.0
5.0587936201046535
GCInterval
99.99533647344121
21443
100
0
100.0
0.6829001800251447
Correlation
                Time   GC Util  heapSize  numThreads  GCInterval
Time        1.000000  0.432994  0.982310    0.010586    0.009258
GC Util     0.432994  1.000000  0.418149    0.057289    0.012804
heapSize    0.982310  0.418149  1.000000    0.016509    0.012305
numThreads  0.010586  0.057289  0.016509    1.000000   -0.000463
GCInterval  0.009258  0.012804  0.012305   -0.000463    1.000000
R Means Squared
34.38757536869835
