
GC Util
24.536082474226806
97
55.0
0.0
30.0
18.860265692538036
-6.156380864416941
3.804597237280765e-09
heapSize
100.51463917525773
97
101.56
100.0
100.0
0.7372839540271992
numThreads
96.90721649484536
97
100.0
25.0
100.0
14.990331935830902
GCInterval
98.96907216494846
97
100
0
100.0
10.153461651336192
Correlation
                Time   GC Util  heapSize  numThreads  GCInterval
Time        1.000000  0.963781  0.698139   -0.109023    0.135338
GC Util     0.963781  1.000000  0.732540   -0.264880    0.133466
heapSize    0.698139  0.732540  1.000000   -0.075031    0.071611
numThreads -0.109023 -0.264880 -0.075031    1.000000   -0.021167
GCInterval  0.135338  0.133466  0.071611   -0.021167    1.000000
R Means Squared
19.303330197171444
