
GC Util
53.395711500974656
513
137.0
0.0
41.0
30.73172318139443
-3.994809040892028
6.84760476997103e-05
heapSize
110.23376218323587
513
121.88
100.0
109.38
7.06729605391236
numThreads
92.39766081871345
513
100.0
25.0
100.0
22.657904128968852
GCInterval
99.80506822612085
513
100
0
100.0
4.415107856883481
Correlation
                Time   GC Util  heapSize  numThreads  GCInterval
Time        1.000000  0.482702  0.863474   -0.092936    0.120941
GC Util     0.482702  1.000000  0.271417    0.134758    0.076861
heapSize    0.863474  0.271417  1.000000   -0.033430    0.064058
numThreads -0.092936  0.134758 -0.033430    1.000000   -0.014843
GCInterval  0.120941  0.076861  0.064058   -0.014843    1.000000
R Means Squared
45.36376687433749
