
GC Util
12.59818582986026
4079
121.0
0.0
4.0
23.514087617268295
-72.31140491882408
0.0
heapSize
168.24813924981612
4079
232.81
100.0
170.31
36.964887058887896
numThreads
84.5182642804609
4079
100.0
25.0
100.0
30.359051260791997
GCInterval
99.97548418730081
4079
100
0
100.0
1.565752620920399
Correlation
                Time   GC Util  heapSize  numThreads  GCInterval
Time        1.000000 -0.145657  0.993574    0.041637    0.035083
GC Util    -0.145657  1.000000 -0.150777    0.127673    0.008391
heapSize    0.993574 -0.150777  1.000000    0.050176    0.028916
numThreads  0.041637  0.127673  0.050176    1.000000   -0.007987
GCInterval  0.035083  0.008391  0.028916   -0.007987    1.000000
R Means Squared
24.648805620840015
