
GC Util
23.777278850471486
2227
181.0
0.0
24.0
25.892423192037104
-11.291688986129836
3.6804521384735524e-29
heapSize
100.0
2227
100
100
100.0
0.0
numThreads
85.92276605298608
2227
100.0
25.0
100.0
29.291795886763907
GCInterval
99.95509654243376
2227
100
0
100.0
2.1190435947906447
Correlation
                Time   GC Util  heapSize  numThreads  GCInterval
Time        1.000000  0.118801       NaN   -0.184593    0.036295
GC Util     0.118801  1.000000       NaN   -0.128345    0.019468
heapSize         NaN       NaN       NaN         NaN         NaN
numThreads -0.184593 -0.128345       NaN    1.000000   -0.010188
GCInterval  0.036295  0.019468       NaN   -0.010188    1.000000
R Means Squared
26.160741075068323
