
GC Util
22.672464509528073
7819
779.0
0.0
15.0
38.21356853742402
-1.7030986394169285
0.0885702893869748
heapSize
505.80750991175347
7819
1157.03
100.0
503.12
318.7680070286483
numThreads
94.60928507481775
7819
100.0
25.0
100.0
19.372449752208365
GCInterval
98.8876902417189
7819
106.05
0.0
101.25
8.826418066352682
Correlation
                Time   GC Util  heapSize  numThreads  GCInterval
Time        1.000000 -0.156167  0.973847    0.056973    0.237778
GC Util    -0.156167  1.000000 -0.160652   -0.060518   -0.168097
heapSize    0.973847 -0.160652  1.000000    0.028996    0.221239
numThreads  0.056973 -0.060518  0.028996    1.000000    0.135727
GCInterval  0.237778 -0.168097  0.221239    0.135727    1.000000
R Means Squared
38.30446614783247
