
GC Util
54.04193671368662
2623
183.0
0.0
55.0
19.330473238839456
-3.8819158073010818
0.00010488521098462492
heapSize
100.0
2623
100
100
100.0
0.0
numThreads
99.1422035836828
2623
100.0
25.0
100.0
7.976413505556688
GCInterval
99.96187571483034
2623
100
0
100.0
1.9525441139613997
Correlation
                Time   GC Util  heapSize  numThreads  GCInterval
Time        1.000000  0.245353       NaN    0.040014    0.046129
GC Util     0.245353  1.000000       NaN    0.087054    0.054608
heapSize         NaN       NaN       NaN         NaN         NaN
numThreads  0.040014  0.087054       NaN    1.000000   -0.002101
GCInterval  0.046129  0.054608       NaN   -0.002101    1.000000
R Means Squared
39.14560247216644
