
GC Util
19.48673209741912
24759
2293.0
0.0
10.0
59.186397957525735
13.658429823957214
2.0985739364812936e-42
heapSize
357.3979037925603
24759
471.88
100.0
403.12
109.80124802868532
numThreads
98.18247909850963
24759
100.0
25.0
100.0
11.533258768318076
GCInterval
100.32294721111515
24759
107.65
0.0
101.65
8.855156038947568
Correlation
                Time   GC Util  heapSize  numThreads  GCInterval
Time        1.000000 -0.130738  0.785014    0.016695    0.244919
GC Util    -0.130738  1.000000 -0.066420   -0.018248   -0.387822
heapSize    0.785014 -0.066420  1.000000    0.034529    0.127571
numThreads  0.016695 -0.018248  0.034529    1.000000    0.046918
GCInterval  0.244919 -0.387822  0.127571    0.046918    1.000000
R Means Squared
59.187428243013656
