
GC Util
36.21281337047354
1795
131.0
0.0
29.0
32.161284477249616
-38.6907613695365
1.4299608040549044e-286
heapSize
139.28618384401116
1795
190.62
100.0
137.5
24.192220148146685
numThreads
99.24791086350974
1795
100.0
25.0
100.0
7.47476914203518
GCInterval
99.94428969359332
1795
100
0
100.0
2.360303082374915
Correlation
                Time   GC Util  heapSize  numThreads  GCInterval
Time        1.000000  0.097516  0.976205    0.119143    0.029542
GC Util     0.097516  1.000000  0.119311    0.088661    0.026591
heapSize    0.976205  0.119311  1.000000    0.154103    0.038351
numThreads  0.119143  0.088661  0.154103    1.000000   -0.002376
GCInterval  0.029542  0.026591  0.038351   -0.002376    1.000000
R Means Squared
36.00871141890722
