
GC Util
44.87850195964581
6889
4682.0
0.0
36.0
109.29135539392627
4.226190876097612
2.3932696261583897e-05
heapSize
158.24814922339962
6889
589.84
100.0
100.0
104.97251018466224
numThreads
94.42589635651038
6889
100.0
25.0
100.0
19.673416699587232
GCInterval
95.14999999999999
6889
106.85
0.0
98.05
11.742589991796834
Correlation
                Time   GC Util  heapSize  numThreads  GCInterval
Time        1.000000  0.122681  0.862218   -0.237167   -0.159434
GC Util     0.122681  1.000000  0.147429   -0.040686   -0.240587
heapSize    0.862218  0.147429  1.000000   -0.260906   -0.256799
numThreads -0.237167 -0.040686 -0.260906    1.000000    0.147771
GCInterval -0.159434 -0.240587 -0.256799    0.147771    1.000000
R Means Squared
112.07946447927903
