
GC Util
17.56898121327485
12083
117.0
0.0
13.0
11.620699634841529
-91.49947125569328
0.0
heapSize
278.94562443101876
12083
459.38
100.0
276.56
102.03655539484464
numThreads
97.60407183646446
12083
100.0
25.0
100.0
13.189713351464322
GCInterval
99.9917239096251
12083
100
0
100.0
0.9097302003839868
Correlation
                Time   GC Util  heapSize  numThreads  GCInterval
Time        1.000000 -0.483168  0.965043    0.181861    0.023566
GC Util    -0.483168  1.000000 -0.536081   -0.194982    0.013755
heapSize    0.965043 -0.536081  1.000000    0.210390    0.015956
numThreads  0.181861 -0.194982  0.210390    1.000000   -0.001653
GCInterval  0.023566  0.013755  0.015956   -0.001653    1.000000
R Means Squared
11.871787407865419
