
GC Util
5.144718989470466
52329
221.0
0.0
4.0
7.001925831864352
4.063610919610977
4.835800665812977e-05
heapSize
191.64775822201835
52329
228.12
100.0
199.22
24.866424477431302
numThreads
99.82227827781918
52329
100.0
25.0
100.0
3.6466146316994155
GCInterval
103.38249823233771
52329
107.25
0.0
103.65
3.8741158069847215
Correlation
                Time   GC Util  heapSize  numThreads  GCInterval
Time        1.000000 -0.195341  0.788304    0.064787    0.120942
GC Util    -0.195341  1.000000 -0.277970   -0.078814   -0.137542
heapSize    0.788304 -0.277970  1.000000    0.115958    0.198893
numThreads  0.064787 -0.078814  0.115958    1.000000    0.039813
GCInterval  0.120942 -0.137542  0.198893    0.039813    1.000000
R Means Squared
16.422709957804074
