
GC Util
12.047826507890406
30987
126.0
0.0
12.0
10.195398024294667
-188.82434022051703
0.0
heapSize
506.2386942911544
30987
892.19
100.0
509.38
225.48738058552888
numThreads
91.38348339626295
30987
100.0
25.0
100.0
23.9167900577462
GCInterval
99.99677284022331
30987
100
0
100.0
0.5680809604871953
Correlation
                Time   GC Util  heapSize  numThreads  GCInterval
Time        1.000000 -0.211477  0.991492    0.061333    0.011994
GC Util    -0.211477  1.000000 -0.224427    0.309883    0.006713
heapSize    0.991492 -0.224427  1.000000    0.066351    0.010235
numThreads  0.061333  0.309883  0.066351    1.000000   -0.002047
GCInterval  0.011994  0.006713  0.010235   -0.002047    1.000000
R Means Squared
12.929804701323002
