
GC Util
30.797163120567376
705
109.0
0.0
29.0
12.414937525371009
-43.06939352473006
3.678331687960535e-266
heapSize
114.89339007092198
705
131.25
100.0
114.06
9.81635659575171
numThreads
88.51063829787235
705
100.0
25.0
100.0
27.03207717370146
GCInterval
99.8581560283688
705
100
0
100.0
3.7662178857735467
Correlation
                Time   GC Util  heapSize  numThreads  GCInterval
Time        1.000000  0.205571  0.756962    0.072935    0.102984
GC Util     0.205571  1.000000  0.070742    0.036218    0.093560
heapSize    0.756962  0.070742  1.000000    0.177864    0.057222
numThreads  0.072935  0.036218  0.177864    1.000000   -0.016030
GCInterval  0.102984  0.093560  0.057222   -0.016030    1.000000
R Means Squared
16.446603909070223
