
GC Util
24.932642487046632
193
146.0
0.0
16.0
30.679808468574144
-15.239342675202792
1.1805714727465499e-41
heapSize
102.58984455958549
193
106.25
100.0
101.56
2.3371359958745304
numThreads
86.01036269430051
193
100.0
25.0
100.0
29.290923942214608
GCInterval
99.48186528497409
193
100
0
100.0
7.198157507486946
Correlation
                Time   GC Util  heapSize  numThreads  GCInterval
Time        1.000000  0.243572  0.991358   -0.384985    0.086465
GC Util     0.243572  1.000000  0.236959   -0.509635    0.058802
heapSize    0.991358  0.236959  1.000000   -0.377551    0.080180
numThreads -0.384985 -0.509635 -0.377551    1.000000   -0.034558
GCInterval  0.086465  0.058802  0.080180   -0.034558    1.000000
R Means Squared
30.995236137387874
