
GC Util
8.619512494627617
16287
119.0
0.0
11.0
10.358521889810953
-468.14883097700096
0.0
heapSize
495.24255295634555
16287
892.19
100.0
495.31
229.57406891922847
numThreads
87.87069441886167
16287
100.0
25.0
100.0
27.61566021010307
GCInterval
99.99386013384908
16287
100
0
100.0
0.7835729800674542
Correlation
                Time   GC Util  heapSize  numThreads  GCInterval
Time        1.000000 -0.213780  0.992404    0.039862    0.016454
GC Util    -0.213780  1.000000 -0.224573    0.257932    0.006521
heapSize    0.992404 -0.224573  1.000000    0.045416    0.013491
numThreads  0.039862  0.257932  0.045416    1.000000   -0.003442
GCInterval  0.016454  0.006521  0.013491   -0.003442    1.000000
R Means Squared
15.388563402349739
