
GC Util
8.444104134762634
653
55.0
0.0
2.0
13.317109814261135
0.4646819877711831
0.6422381780284934
heapSize
100.10511485451761
653
101.56
100.0
100.0
0.39136248630127196
numThreads
97.70290964777948
653
100.0
25.0
100.0
12.932953846741537
GCInterval
96.06332312404288
653
106.85
0.0
101.65
24.292478104703868
Correlation
                Time   GC Util  heapSize  numThreads  GCInterval
Time        1.000000 -0.224765  0.155826    0.133548    0.394349
GC Util    -0.224765  1.000000  0.020410   -0.128982   -0.320306
heapSize    0.155826  0.020410  1.000000    0.047778    0.072635
numThreads  0.133548 -0.128982  0.047778    1.000000    0.040666
GCInterval  0.394349 -0.320306  0.072635    0.040666    1.000000
R Means Squared
17.62420373881495
