
GC Util
37.10715491870507
20727
201.0
0.0
24.0
40.80226121622805
-160.15075696546467
0.0
heapSize
365.04226757369617
20727
623.44
100.0
365.62
146.92248630506612
numThreads
74.36676798378926
20727
100.0
25.0
100.0
35.573738527268766
GCInterval
99.99517537511458
20727
100
0
100.0
0.6945951976090218
Correlation
                Time   GC Util  heapSize  numThreads  GCInterval
Time        1.000000  0.015753  0.995019   -0.048434    0.013556
GC Util     0.015753  1.000000  0.012770    0.351254    0.006317
heapSize    0.995019  0.012770  1.000000   -0.047556    0.012531
numThreads -0.048434  0.351254 -0.047556    1.000000   -0.005005
GCInterval  0.013556  0.006317  0.012531   -0.005005    1.000000
R Means Squared
44.242501604585776
