
GC Util
11.682263329706203
2757
984.0
0.0
4.0
39.59351546483172
3.3350161047407942
0.0008587544285831178
heapSize
102.66187885382662
2757
129.69
100.0
100.0
5.400447619850807
numThreads
99.12948857453755
2757
100.0
25.0
100.0
8.03454923079837
GCInterval
100.61216902430178
2757
107.65
0.0
102.45
12.92936346028339
Correlation
                Time   GC Util  heapSize  numThreads  GCInterval
Time        1.000000  0.077998  0.420875   -0.060071    0.228772
GC Util     0.077998  1.000000  0.050303   -0.176580   -0.165306
heapSize    0.420875  0.050303  1.000000   -0.121973    0.010521
numThreads -0.060071 -0.176580 -0.121973    1.000000    0.084350
GCInterval  0.228772 -0.165306  0.010521    0.084350    1.000000
R Means Squared
40.45074293854211
