
GC Util
24.201212121212123
825
125.0
0.0
27.0
14.644020234418774
-14.087534692728694
1.2109574877753786e-42
heapSize
116.51107878787879
825
131.25
100.0
117.19
9.96108819770095
numThreads
89.81818181818181
825
100.0
25.0
100.0
25.70540551914705
GCInterval
99.87878787878788
825
100
0
100.0
3.481553119113957
Correlation
                Time   GC Util  heapSize  numThreads  GCInterval
Time        1.000000 -0.026041  0.772231   -0.075006    0.101874
GC Util    -0.026041  1.000000 -0.221181    0.174706    0.057607
heapSize    0.772231 -0.221181  1.000000   -0.118009    0.057779
numThreads -0.075006  0.174706 -0.118009    1.000000   -0.013807
GCInterval  0.101874  0.057607  0.057779   -0.013807    1.000000
R Means Squared
15.226213441219578
