
GC Util
9.40853327543155
9211
237.0
0.0
6.0
14.44150915506572
1.0515176545144453
0.29303615956402684
heapSize
147.86876777765718
9211
186.72
100.0
153.91
25.077145098872613
numThreads
99.23461079144501
9211
100.0
25.0
100.0
7.538205303994964
GCInterval
101.96817392248398
9211
107.25
0.0
102.85
7.168329524673649
Correlation
                Time   GC Util  heapSize  numThreads  GCInterval
Time        1.000000 -0.238051  0.859626    0.104115    0.203306
GC Util    -0.238051  1.000000 -0.206606   -0.088088   -0.107085
heapSize    0.859626 -0.206606  1.000000    0.109833    0.189168
numThreads  0.104115 -0.088088  0.109833    1.000000    0.153219
GCInterval  0.203306 -0.107085  0.189168    0.153219    1.000000
R Means Squared
17.9084815622723
