
GC Util
43.28750563824989
11085
147.0
0.0
46.0
22.556482534392018
-443.80059574004014
0.0
heapSize
368.243399188092
11085
640.62
100.0
368.75
156.24890863622278
numThreads
99.37753721244925
11085
100.0
25.0
100.0
6.804515125164109
GCInterval
99.99097880018043
11085
100
0
100.0
0.9497999694449354
Correlation
                Time   GC Util  heapSize  numThreads  GCInterval
Time        1.000000  0.266756  0.981601    0.003341    0.012493
GC Util     0.266756  1.000000  0.263639    0.055568    0.018229
heapSize    0.981601  0.263639  1.000000    0.023073    0.016307
numThreads  0.003341  0.055568  0.023073    1.000000   -0.000869
GCInterval  0.012493  0.018229  0.016307   -0.000869    1.000000
R Means Squared
32.4200080778963
