
GC Util
56.71734892787524
513
130.0
0.0
39.0
35.639580776968884
-24.372959488347863
6.722862670947939e-106
heapSize
110.23376218323587
513
121.88
100.0
109.38
7.06729605391236
numThreads
93.85964912280701
513
100.0
25.0
100.0
20.58271682523701
GCInterval
99.80506822612085
513
100
0
100.0
4.4151078568834805
Correlation
                Time   GC Util  heapSize  numThreads  GCInterval
Time        1.000000  0.390368  0.836545   -0.021041    0.116632
GC Util     0.390368  1.000000  0.290633    0.191728    0.070400
heapSize    0.836545  0.290633  1.000000    0.033270    0.064058
numThreads -0.021041  0.191728  0.033270    1.000000   -0.013197
GCInterval  0.116632  0.070400  0.064058   -0.013197    1.000000
R Means Squared
51.145551579719644
