
GC Util
30.91084283973862
9029
1617.0
0.0
8.0
99.50193156455907
14.382793656079851
1.1912296770669608e-46
heapSize
265.6117310887141
9029
476.56
100.0
270.31
137.60968859285134
numThreads
94.11895004983941
9029
100.0
25.0
100.0
20.162763288878335
GCInterval
97.47025694982833
9029
107.65
0.0
101.65
13.401910255407806
Correlation
                Time   GC Util  heapSize  numThreads  GCInterval
Time        1.000000 -0.037935  0.883266    0.045201    0.099263
GC Util    -0.037935  1.000000  0.027000   -0.078059   -0.325735
heapSize    0.883266  0.027000  1.000000   -0.030555   -0.040804
numThreads  0.045201 -0.078059 -0.030555    1.000000    0.211968
GCInterval  0.099263 -0.325735 -0.040804    0.211968    1.000000
R Means Squared
100.09287856461607
