
GC Util
72.29537686634286
5559
157.0
0.0
84.0
29.861492035437333
-152.00509625628735
0.0
heapSize
233.36366972477063
5559
375.0
100.0
232.81
78.39661733631412
numThreads
96.95089044792229
5559
100.0
25.0
100.0
14.813021956509683
GCInterval
99.98201115308508
5559
100
0
100.0
1.3412250711537104
Correlation
                Time   GC Util  heapSize  numThreads  GCInterval
Time        1.000000  0.116789  0.993464    0.015042    0.030587
GC Util     0.116789  1.000000  0.110186    0.295933    0.032477
heapSize    0.993464  0.110186  1.000000    0.019896    0.022820
numThreads  0.015042  0.295933  0.019896    1.000000   -0.002761
GCInterval  0.030587  0.032477  0.022820   -0.002761    1.000000
R Means Squared
60.219222346864974
