
GC Util
10.265654648956357
1581
87.0
0.0
6.0
14.086406614032091
2.26506509930839
0.023576482772766184
heapSize
100.2703605313093
1581
101.56
100.0
100.0
0.5906676626127653
numThreads
99.43074003795067
1581
100.0
25.0
100.0
6.511317607338995
GCInterval
99.41084756483238
1581
106.85
0.0
102.45
16.816749890395467
Correlation
                Time   GC Util  heapSize  numThreads  GCInterval
Time        1.000000 -0.325588  0.168429    0.100873    0.413274
GC Util    -0.325588  1.000000 -0.039965   -0.198117   -0.223493
heapSize    0.168429 -0.039965  1.000000    0.040042    0.083090
numThreads  0.100873 -0.198117  0.040042    1.000000    0.015056
GCInterval  0.413274 -0.223493  0.083090    0.015056    1.000000
R Means Squared
17.118960936032646
