
GC Util
67.4483354950281
20817
169.0
0.0
80.0
30.99421969865235
-111.22852458456185
0.0
heapSize
366.1269817937263
20817
626.56
100.0
367.19
147.5615762664246
numThreads
98.30667243118604
20817
100.0
25.0
100.0
11.141731136285072
GCInterval
99.99519623384734
20817
100
0
100.0
0.6930920683908947
Correlation
                Time   GC Util  heapSize  numThreads  GCInterval
Time        1.000000  0.062705  0.995064    0.015569    0.013356
GC Util     0.062705  1.000000  0.067475    0.186788    0.015084
heapSize    0.995064  0.067475  1.000000    0.014755    0.012501
numThreads  0.015569  0.186788  0.014755    1.000000   -0.001053
GCInterval  0.013356  0.015084  0.012501   -0.001053    1.000000
R Means Squared
56.67398035252522
