
GC Util
40.11940298507463
335
121.0
0.0
30.0
31.34295630316558
-21.084990351386438
1.6704744326814974e-77
heapSize
105.96071641791043
335
114.06
100.0
106.25
4.513942415662307
numThreads
91.04477611940298
335
100.0
25.0
100.0
24.356037279711277
GCInterval
99.70149253731343
335
100
0
100.0
5.46358364708153
Correlation
                Time   GC Util  heapSize  numThreads  GCInterval
Time        1.000000  0.334382  0.995018   -0.314261    0.069370
GC Util     0.334382  1.000000  0.358297    0.115535    0.070144
heapSize    0.995018  0.358297  1.000000   -0.304349    0.072363
numThreads -0.314261  0.115535 -0.304349    1.000000   -0.020149
GCInterval  0.069370  0.070144  0.072363   -0.020149    1.000000
R Means Squared
37.20535990916026
