
GC Util
39.31384015594542
513
203.0
0.0
31.0
47.27724230649681
-27.950618989473348
2.743753282539634e-131
heapSize
110.23376218323587
513
121.88
100.0
109.38
7.06729605391236
numThreads
75.43859649122807
513
100.0
25.0
100.0
35.231553123958584
GCInterval
99.80506822612085
513
100
0
100.0
4.4151078568834805
Correlation
                Time   GC Util  heapSize  numThreads  GCInterval
Time        1.000000  0.199939  0.851887   -0.280198    0.118463
GC Util     0.199939  1.000000  0.149078    0.159067    0.036786
heapSize    0.851887  0.149078  1.000000   -0.216656    0.064058
numThreads -0.280198  0.159067 -0.216656    1.000000   -0.030840
GCInterval  0.118463  0.036786  0.064058   -0.030840    1.000000
R Means Squared
51.027493258302634
