
GC Util
22.811347517730496
705
103.0
0.0
25.0
16.723431660561786
-46.068190580986
1.958781849606403e-291
heapSize
114.89339007092198
705
131.25
100.0
114.06
9.81635659575171
numThreads
91.70212765957447
705
100.0
25.0
100.0
23.542980726521474
GCInterval
99.8581560283688
705
100
0
100.0
3.7662178857735467
Correlation
                Time   GC Util  heapSize  numThreads  GCInterval
Time        1.000000 -0.003521  0.776053   -0.149719    0.101063
GC Util    -0.003521  1.000000 -0.038261    0.116699    0.051446
heapSize    0.776053 -0.038261  1.000000   -0.069494    0.057222
numThreads -0.149719  0.116699 -0.069494    1.000000   -0.013293
GCInterval  0.101063  0.051446  0.057222   -0.013293    1.000000
R Means Squared
16.94639023048778
