
GC Util
4.015775635407537
1141
107.0
0.0
0.0
12.540241052223118
-2.4398263893000207
0.014768772013136264
heapSize
100.26387379491673
1141
103.12
100.0
100.0
0.6332606222064134
numThreads
99.21121822962314
1141
100.0
25.0
100.0
7.654267036463513
GCInterval
99.72738825591586
1141
107.65
0.0
102.85
17.516591924415366
Correlation
                Time   GC Util  heapSize  numThreads  GCInterval
Time        1.000000 -0.045715  0.716325    0.008534    0.152830
GC Util    -0.045715  1.000000  0.174895   -0.058815   -0.133946
heapSize    0.716325  0.174895  1.000000   -0.041716   -0.027231
numThreads  0.008534 -0.058815 -0.041716    1.000000   -0.007003
GCInterval  0.152830 -0.133946 -0.027231   -0.007003    1.000000
R Means Squared
20.312933066913157
