
GC Util
20.38350319981038
4219
119.0
0.0
7.0
29.038918195951425
-62.907089818883314
0.0
heapSize
169.381810855653
4219
275.0
100.0
170.31
38.12469974530637
numThreads
98.82673619341077
4219
100.0
25.0
100.0
9.307995107188958
GCInterval
99.97629770087698
4219
100
0
100.0
1.5395551020673126
Correlation
                Time   GC Util  heapSize  numThreads  GCInterval
Time        1.000000 -0.158335  0.988147    0.101970    0.033372
GC Util    -0.158335  1.000000 -0.176232   -0.013334    0.010809
heapSize    0.988147 -0.176232  1.000000    0.105907    0.028024
numThreads  0.101970 -0.013334  0.105907    1.000000   -0.001941
GCInterval  0.033372  0.010809  0.028024   -0.001941    1.000000
R Means Squared
29.03800910839755
