
GC Util
4.786502379121907
48127
200.0
0.0
4.0
6.697743682375885
-1.1438798855922017
0.25267645842293784
heapSize
191.45061898726286
48127
256.25
100.0
196.88
28.10260483738967
numThreads
99.35794876057099
48127
100.0
25.0
100.0
6.90960238914154
GCInterval
103.49585575664388
48127
107.25
0.0
103.65
3.656243584523835
Correlation
                Time   GC Util  heapSize  numThreads  GCInterval
Time        1.000000 -0.186083  0.767662    0.064340    0.124455
GC Util    -0.186083  1.000000 -0.282284   -0.266565   -0.147778
heapSize    0.767662 -0.282284  1.000000    0.071076    0.202124
numThreads  0.064340 -0.266565  0.071076    1.000000    0.189656
GCInterval  0.124455 -0.147778  0.202124    0.189656    1.000000
R Means Squared
16.622555404718394
