
GC Util
24.286567164179104
335
141.0
0.0
27.0
28.97058644382123
-26.86595337816159
3.2831187554890814e-111
heapSize
105.97002985074629
335
114.06
100.0
106.25
4.529054275876676
numThreads
83.43283582089552
335
100.0
25.0
100.0
31.16030787467001
GCInterval
99.70149253731343
335
100
0
100.0
5.463583647081531
Correlation
                Time   GC Util  heapSize  numThreads  GCInterval
Time        1.000000  0.080322  0.992741   -0.106999    0.068816
GC Util     0.080322  1.000000  0.094543   -0.216109    0.045939
heapSize    0.992741  0.094543  1.000000   -0.107620    0.072235
numThreads -0.106999 -0.216109 -0.107620    1.000000   -0.029135
GCInterval  0.068816  0.045939  0.072235   -0.029135    1.000000
R Means Squared
29.24319030311976
