
GC Util
16.633414588411775
5333
166.0
0.0
4.0
25.960362500172256
-96.01051250050574
0.0
heapSize
195.2782036377274
5333
307.81
100.0
200.0
50.81590219990079
numThreads
83.15207200450028
5333
100.0
25.0
100.0
31.3037644616136
GCInterval
99.98124882805175
5333
100
0
100.0
1.369349186593645
Correlation
                Time   GC Util  heapSize  numThreads  GCInterval
Time        1.000000 -0.269265  0.985024    0.019300    0.024518
GC Util    -0.269265  1.000000 -0.263677    0.059660    0.008775
heapSize    0.985024 -0.263677  1.000000    0.016990    0.025680
numThreads  0.019300  0.059660  0.016990    1.000000   -0.007371
GCInterval  0.024518  0.008775  0.025680   -0.007371    1.000000
R Means Squared
26.175330881321667
