
GC Util
13.190452006094464
13783
116.0
0.0
12.0
11.39006135049906
-104.25141927816108
0.0
heapSize
286.52643256185155
13783
459.38
100.0
289.06
100.77412537578229
numThreads
89.8244213886672
13783
100.0
25.0
100.0
25.684116827091366
GCInterval
99.99274468548212
13783
100
0
100.0
0.8517813403617357
Correlation
                Time   GC Util  heapSize  numThreads  GCInterval
Time        1.000000 -0.363303  0.969717    0.019866    0.023162
GC Util    -0.363303  1.000000 -0.397663    0.308646    0.009865
heapSize    0.969717 -0.397663  1.000000    0.044183    0.015767
numThreads  0.019866  0.308646  0.044183    1.000000   -0.003375
GCInterval  0.023162  0.009865  0.015767   -0.003375    1.000000
R Means Squared
13.270042534828281
