
GC Util
46.32531280076997
3117
864.0
0.0
23.0
83.25253918115122
6.369486310073447
2.0417094830276884e-10
heapSize
166.22097529675972
3117
470.31
100.0
100.0
93.66469742331005
numThreads
97.35322425409048
3117
100.0
25.0
100.0
13.840672562259712
GCInterval
93.19748155277512
3117
106.85
0.0
99.65
16.109047200582257
Correlation
                Time   GC Util  heapSize  numThreads  GCInterval
Time        1.000000  0.273280  0.827564   -0.008869   -0.181760
GC Util     0.273280  1.000000  0.345433    0.042984   -0.276335
heapSize    0.827564  0.345433  1.000000   -0.007893   -0.361082
numThreads -0.008869  0.042984 -0.007893    1.000000   -0.010858
GCInterval -0.181760 -0.276335 -0.361082   -0.010858    1.000000
R Means Squared
87.30282794069211
