
GC Util
20.71380337636544
5035
532.0
0.0
16.0
24.167623276445898
-5.329144599178326
1.0086464283298698e-07
heapSize
270.58559682224427
5035
794.53
100.0
230.47
174.85935384381048
numThreads
96.06752730883814
5035
100.0
25.0
100.0
16.71904982583827
GCInterval
99.0356405163853
5035
106.05
0.0
100.85
9.44771958755721
Correlation
                Time   GC Util  heapSize  numThreads  GCInterval
Time        1.000000  0.047683  0.941832    0.089957    0.028654
GC Util     0.047683  1.000000  0.055933   -0.038479   -0.070745
heapSize    0.941832  0.055933  1.000000    0.117891   -0.045864
numThreads  0.089957 -0.038479  0.117891    1.000000   -0.004960
GCInterval  0.028654 -0.070745 -0.045864   -0.004960    1.000000
R Means Squared
24.175763220813486
