
GC Util
5.403781979977753
4495
1934.0
0.0
0.0
43.35332154041015
0.5770317431711636
0.5639334115678423
heapSize
126.82354616240269
4495
152.34
100.0
132.03
13.95323466775382
numThreads
97.4638487208009
4495
100.0
25.0
100.0
13.55802998209386
GCInterval
101.92761957730812
4495
107.65
0.0
103.25
11.212882431719555
Correlation
                Time   GC Util  heapSize  numThreads  GCInterval
Time        1.000000 -0.127990  0.687851    0.177474    0.233629
GC Util    -0.127990  1.000000 -0.116346   -0.072022   -0.131821
heapSize    0.687851 -0.116346  1.000000    0.038507    0.211320
numThreads  0.177474 -0.072022  0.038507    1.000000    0.160868
GCInterval  0.233629 -0.131821  0.211320    0.160868    1.000000
R Means Squared
45.739938079143386
