
GC Util
63.78947368421053
5073
153.0
0.0
77.0
29.025643908736733
-30.691310851582518
1.1321990658574506e-200
heapSize
172.61606544451016
5073
235.94
100.0
173.44
37.40274703149523
numThreads
99.31992903607333
5073
100.0
25.0
100.0
7.110048582583536
GCInterval
99.98028779814706
5073
100
0
100.0
1.4040014904887732
Correlation
                Time   GC Util  heapSize  numThreads  GCInterval
Time        1.000000  0.285486  0.994730   -0.054796    0.028308
GC Util     0.285486  1.000000  0.288413    0.118678    0.030862
heapSize    0.994730  0.288413  1.000000   -0.059097    0.027264
numThreads -0.054796  0.118678 -0.059097    1.000000   -0.001343
GCInterval  0.028308  0.030862  0.027264   -0.001343    1.000000
R Means Squared
52.53417874984774
