
GC Util
30.35006435006435
777
111.0
0.0
28.0
11.840585373214866
-11.11048554049124
1.1135421363318523e-27
heapSize
115.79361647361647
777
131.25
100.0
115.62
9.87727945358763
numThreads
94.5945945945946
777
100.0
25.0
100.0
19.40803377129304
GCInterval
99.87129987129987
777
100
0
100.0
3.587480016670876
Correlation
                Time   GC Util  heapSize  numThreads  GCInterval
Time        1.000000  0.257503  0.773335   -0.063823    0.100869
GC Util     0.257503  1.000000  0.147602    0.007404    0.092074
heapSize    0.773335  0.147602  1.000000    0.042574    0.057437
numThreads -0.063823  0.007404  0.042574    1.000000   -0.010005
GCInterval  0.100869  0.092074  0.057437   -0.010005    1.000000
R Means Squared
15.720777879699755
