
GC Util
31.50207305034551
5065
149.0
0.0
23.0
36.515427251727175
-51.9199306408705
0.0
heapSize
172.59502073050345
5065
235.94
100.0
173.44
37.39701902076659
numThreads
75.53800592300098
5065
100.0
25.0
100.0
35.16396634060616
GCInterval
99.98025666337611
5065
100
0
100.0
1.405109839972998
Correlation
                Time   GC Util  heapSize  numThreads  GCInterval
Time        1.000000  0.104191  0.995282   -0.067655    0.028390
GC Util     0.104191  1.000000  0.100422    0.342425    0.012124
heapSize    0.995282  0.100422  1.000000   -0.069626    0.027281
numThreads -0.067655  0.342425 -0.069626    1.000000   -0.009777
GCInterval  0.028390  0.012124  0.027281   -0.009777    1.000000
R Means Squared
38.28068519286382
