
GC Util
31.036153036153035
2849
185.0
0.0
19.0
37.99223418317723
-163.99496152125357
0.0
heapSize
167.18146718146718
2849
235.94
100.0
167.19
40.13151093464068
numThreads
72.67462267462267
2849
100.0
25.0
100.0
36.09964641981991
GCInterval
99.96489996489997
2849
100
0
100.0
1.873500336269922
Correlation
                Time   GC Util  heapSize  numThreads  GCInterval
Time        1.000000  0.113189  0.994710   -0.074563    0.033519
GC Util     0.113189  1.000000  0.115962    0.487158    0.015310
heapSize    0.994710  0.115962  1.000000   -0.078732    0.031374
numThreads -0.074563  0.487158 -0.078732    1.000000   -0.014186
GCInterval  0.033519  0.015310  0.031374   -0.014186    1.000000
R Means Squared
39.55628767591689
