
GC Util
18.211774215276844
7423
117.0
0.0
13.0
12.67442087888603
-204.09464446760038
0.0
heapSize
278.84024787821636
7423
459.38
100.0
278.12
104.62497925788823
numThreads
96.22120436481207
7423
100.0
25.0
100.0
16.40629870972935
GCInterval
99.98652835780682
7423
100
0
100.0
1.1606740366348927
Correlation
                Time   GC Util  heapSize  numThreads  GCInterval
Time        1.000000 -0.384586  0.962064    0.248543    0.029983
GC Util    -0.384586  1.000000 -0.446174   -0.212890    0.016680
heapSize    0.962064 -0.446174  1.000000    0.277400    0.019843
numThreads  0.248543 -0.212890  0.277400    1.000000   -0.002674
GCInterval  0.029983  0.016680  0.019843   -0.002674    1.000000
R Means Squared
12.79910368342317
