
GC Util
2.0713053479010926
1739
105.0
0.0
0.0
6.7220485558798675
-4.067762597099264
4.8503272637095e-05
heapSize
100.38404830362276
1739
106.25
100.0
100.0
0.931387256145653
numThreads
99.30994824611845
1739
100.0
25.0
100.0
7.1629054146280655
GCInterval
102.35448533640023
1739
107.65
0.0
104.05
12.58917238058422
Correlation
                Time   GC Util  heapSize  numThreads  GCInterval
Time        1.000000 -0.194030  0.659180    0.023559    0.161199
GC Util    -0.194030  1.000000  0.000511   -0.266055   -0.198506
heapSize    0.659180  0.000511  1.000000   -0.020797    0.026390
numThreads  0.023559 -0.266055 -0.020797    1.000000    0.196430
GCInterval  0.161199 -0.198506  0.026390    0.196430    1.000000
R Means Squared
19.14675024262248
