
GC Util
7.362435639131408
4467
3007.0
0.0
0.0
66.9232273929524
2.166283575310056
0.030317533368983116
heapSize
126.98675173494517
4467
146.88
100.0
132.81
14.362150122819259
numThreads
99.02619207521826
4467
100.0
25.0
100.0
8.491374084298625
GCInterval
101.81509961943138
4467
107.65
0.0
103.25
10.780476997243827
Correlation
                Time   GC Util  heapSize  numThreads  GCInterval
Time        1.000000 -0.098952  0.676390    0.086814    0.229237
GC Util    -0.098952  1.000000 -0.082147   -0.032300   -0.143497
heapSize    0.676390 -0.082147  1.000000    0.116995    0.206633
numThreads  0.086814 -0.032300  0.116995    1.000000    0.115131
GCInterval  0.229237 -0.143497  0.206633    0.115131    1.000000
R Means Squared
68.09863269071705
