
GC Util
37.4736546560599
10685
160.0
0.0
25.0
41.282810979674515
-100.935329044378
0.0
heapSize
241.29765839962565
10685
378.12
100.0
242.19
76.34654685645587
numThreads
74.96958352831072
10685
100.0
25.0
100.0
35.36773324792101
GCInterval
99.99064108563407
10685
100
0
100.0
0.9674148213632844
Correlation
                Time   GC Util  heapSize  numThreads  GCInterval
Time        1.000000  0.013156  0.995670   -0.042378    0.023702
GC Util     0.013156  1.000000  0.010349    0.354190    0.008782
heapSize    0.995670  0.010349  1.000000   -0.040592    0.017906
numThreads -0.042378  0.354190 -0.040592    1.000000   -0.006847
GCInterval  0.023702  0.008782  0.017906   -0.006847    1.000000
R Means Squared
44.826773118391735
