
GC Util
19.529478759348542
26341
4527.0
0.0
10.0
74.62048406677135
11.145667395736382
8.039179735248339e-29
heapSize
357.1353570479481
26341
449.22
100.0
407.81
109.87319453489657
numThreads
97.53995672146084
26341
100.0
25.0
100.0
13.358825093535579
GCInterval
100.50508902471432
26341
107.65
0.0
101.65
8.632910808349296
Correlation
                Time   GC Util  heapSize  numThreads  GCInterval
Time        1.000000 -0.117818  0.787798    0.147915    0.253006
GC Util    -0.117818  1.000000 -0.075817   -0.102878   -0.323139
heapSize    0.787798 -0.075817  1.000000    0.086199    0.172858
numThreads  0.147915 -0.102878  0.086199    1.000000    0.243956
GCInterval  0.253006 -0.323139  0.172858    0.243956    1.000000
R Means Squared
74.62055107593433
