
GC Util
11.217818044545112
2649
104.0
0.0
3.0
22.54233445138811
-97.40475835443063
0.0
heapSize
162.3454133635334
2649
232.81
100.0
162.5
37.388776685576985
numThreads
82.72933182332956
2649
100.0
25.0
100.0
31.581650584947038
GCInterval
99.96224990562476
2649
100
0
100.0
1.9429383514470027
Correlation
                Time   GC Util  heapSize  numThreads  GCInterval
Time        1.000000 -0.125466  0.984374    0.034508    0.041175
GC Util    -0.125466  1.000000 -0.122582    0.106576    0.009672
heapSize    0.984374 -0.122582  1.000000    0.052081    0.032411
numThreads  0.034508  0.106576  0.052081    1.000000   -0.010629
GCInterval  0.041175  0.009672  0.032411   -0.010629    1.000000
R Means Squared
24.18866951135039
