
GC Util
25.767164179104476
335
136.0
0.0
14.0
32.99001113592437
-8.419199772865863
1.961566096723183e-16
heapSize
105.97002985074627
335
114.06
100.0
106.25
4.529054275876676
numThreads
80.29850746268657
335
100.0
25.0
100.0
33.05639117879722
GCInterval
99.70149253731343
335
100
0
100.0
5.46358364708153
Correlation
                Time   GC Util  heapSize  numThreads  GCInterval
Time        1.000000  0.113733  0.991628   -0.272660    0.068767
GC Util     0.113733  1.000000  0.121474    0.136623    0.042802
heapSize    0.991628  0.121474  1.000000   -0.294839    0.072235
numThreads -0.272660  0.136623 -0.294839    1.000000   -0.032660
GCInterval  0.068767  0.042802  0.072235   -0.032660    1.000000
R Means Squared
33.4417738585436
