
GC Util
13.063026896828584
2491
189.0
0.0
7.0
18.437881216830284
-1.4585198772804338
0.14476369677467218
heapSize
113.7908390204737
2491
151.56
100.0
110.94
14.326920961446005
numThreads
97.2300281011642
2491
100.0
25.0
100.0
14.147632295103055
GCInterval
100.05879164993978
2491
106.85
0.0
101.65
12.356136508748916
Correlation
                Time   GC Util  heapSize  numThreads  GCInterval
Time        1.000000  0.022478  0.854787   -0.106795    0.220060
GC Util     0.022478  1.000000  0.022816   -0.287773   -0.085278
heapSize    0.854787  0.022816  1.000000   -0.132123    0.088844
numThreads -0.106795 -0.287773 -0.132123    1.000000    0.056035
GCInterval  0.220060 -0.085278  0.088844    0.056035    1.000000
R Means Squared
19.696207404218608
