
GC Util
25.790390559145827
3559
119.0
0.0
12.0
28.897755598448025
-89.4602780191723
0.0
heapSize
184.56287159314414
3559
278.12
100.0
184.38
50.2328891141048
numThreads
98.22983984265242
3559
100.0
25.0
100.0
11.387053077902246
GCInterval
99.97190221972464
3559
100
0
100.0
1.6762392512812199
Correlation
                Time   GC Util  heapSize  numThreads  GCInterval
Time        1.000000 -0.268005  0.990308    0.054012    0.028554
GC Util    -0.268005  1.000000 -0.261659   -0.025727    0.014964
heapSize    0.990308 -0.261659  1.000000    0.072101    0.028226
numThreads  0.054012 -0.025727  0.072101    1.000000   -0.002607
GCInterval  0.028554  0.014964  0.028226   -0.002607    1.000000
R Means Squared
29.46819068815165
