
GC Util
23.34763455276767
5221
115.0
0.0
9.0
27.831870851820216
-86.81262445683758
0.0
heapSize
195.64318329821873
5221
306.25
100.0
203.12
50.40558218511345
numThreads
97.90270063206282
5221
100.0
25.0
100.0
12.36640929745113
GCInterval
99.98084658111473
5221
100
0
100.0
1.3839587741428943
Correlation
                Time   GC Util  heapSize  numThreads  GCInterval
Time        1.000000 -0.240541  0.989044    0.141192    0.026096
GC Util    -0.240541  1.000000 -0.228593   -0.057577    0.011612
heapSize    0.989044 -0.228593  1.000000    0.123203    0.026265
numThreads  0.141192 -0.057577  0.123203    1.000000   -0.002348
GCInterval  0.026096  0.011612  0.026265   -0.002348    1.000000
R Means Squared
28.029829241933115
