
GC Util
20.47930283224401
5049
353.0
0.0
16.0
22.750159292845304
-5.8031677918239115
6.7087360450724505e-09
heapSize
271.18783125371357
5049
786.72
100.0
241.41
169.09613807100789
numThreads
96.31610219845514
5049
100.0
25.0
100.0
16.210283054953873
GCInterval
99.04463260051494
5049
105.65
0.0
100.85
10.09997743975562
Correlation
                Time   GC Util  heapSize  numThreads  GCInterval
Time        1.000000 -0.017607  0.945592   -0.076174    0.147081
GC Util    -0.017607  1.000000 -0.032522   -0.122035   -0.106523
heapSize    0.945592 -0.032522  1.000000   -0.116146    0.072413
numThreads -0.076174 -0.122035 -0.116146    1.000000    0.096543
GCInterval  0.147081 -0.106523  0.072413    0.096543    1.000000
R Means Squared
22.75295518601858
