
GC Util
71.26472516153198
10679
156.0
0.0
82.0
29.118887201748848
-230.1109164774304
0.0
heapSize
358.3379024253207
10679
621.88
100.0
357.81
150.5369115578506
numThreads
97.68236726285232
10679
100.0
25.0
100.0
12.979476464969638
GCInterval
99.99063582732465
10679
100
0
100.0
0.9676865543833979
Correlation
                Time   GC Util  heapSize  numThreads  GCInterval
Time        1.000000  0.029880  0.994449    0.020279    0.018227
GC Util     0.029880  1.000000  0.040963    0.259607    0.023685
heapSize    0.994449  0.040963  1.000000    0.019833    0.016608
numThreads  0.020279  0.259607  0.019833    1.000000   -0.001728
GCInterval  0.018227  0.023685  0.016608   -0.001728    1.000000
R Means Squared
58.95678279924431
