
GC Util
23.324479632230876
7831
450.0
0.0
15.0
31.79803060894206
-0.6949656631825086
0.48708755718042684
heapSize
504.59905503767084
7831
1228.12
100.0
496.09
320.5448151038121
numThreads
97.33750478866045
7831
100.0
25.0
100.0
13.878863699128976
GCInterval
98.3857297918529
7831
105.25
0.0
101.25
10.133404780224529
Correlation
                Time   GC Util  heapSize  numThreads  GCInterval
Time        1.000000 -0.160327  0.970147    0.143234    0.197310
GC Util    -0.160327  1.000000 -0.156167    0.002262   -0.105648
heapSize    0.970147 -0.156167  1.000000    0.152912    0.170779
numThreads  0.143234  0.002262  0.152912    1.000000    0.000009
GCInterval  0.197310 -0.105648  0.170779    0.000009    1.000000
R Means Squared
31.969325899886726
