
GC Util
24.623056300268097
5595
152.0
0.0
0.0
36.588039941200385
-200.4882318529123
0.0
heapSize
234.24652010723858
5595
376.56
100.0
234.38
78.91094519068837
numThreads
71.71581769436997
5595
100.0
25.0
100.0
36.35319665541427
GCInterval
99.98212689901698
5595
100
0
100.0
1.3369031746173905
Correlation
                Time   GC Util  heapSize  numThreads  GCInterval
Time        1.000000 -0.007457  0.993262   -0.060350    0.030343
GC Util    -0.007457  1.000000 -0.013728    0.312323    0.008999
heapSize    0.993262 -0.013728  1.000000   -0.059775    0.022748
numThreads -0.060350  0.312323 -0.059775    1.000000   -0.010403
GCInterval  0.030343  0.008999  0.022748   -0.010403    1.000000
R Means Squared
36.87571086544628
