
GC Util
10.041337386018236
1645
96.0
0.0
6.0
13.988507384382155
1.842365835633101
0.06551391359263413
heapSize
100.1953556231003
1645
101.56
100.0
100.0
0.5164814735364468
numThreads
99.36170212765957
1645
100.0
25.0
100.0
6.891573684961733
GCInterval
99.97310030395137
1645
106.45
0.0
102.45
15.378748671415712
Correlation
                Time   GC Util  heapSize  numThreads  GCInterval
Time        1.000000 -0.295358  0.056753    0.112734    0.369200
GC Util    -0.295358  1.000000 -0.034741   -0.014869   -0.186466
heapSize    0.056753 -0.034741  1.000000    0.035054    0.065688
numThreads  0.112734 -0.014869  0.035054    1.000000   -0.000463
GCInterval  0.369200 -0.186466  0.065688   -0.000463    1.000000
R Means Squared
17.167828823254247
