
GC Util
49.18925750394945
3165
1681.0
0.0
21.0
101.85698005141532
6.7376379372252995
1.763258385530259e-11
heapSize
168.50762085308057
3165
421.88
100.0
100.0
97.26377202505263
numThreads
91.99052132701422
3165
100.0
25.0
100.0
23.167406725817077
GCInterval
93.15189573459716
3165
106.85
0.0
98.85
15.692229788497762
Correlation
                Time   GC Util  heapSize  numThreads  GCInterval
Time        1.000000  0.245616  0.832631   -0.258896   -0.222268
GC Util     0.245616  1.000000  0.323661   -0.060733   -0.307990
heapSize    0.832631  0.323661  1.000000   -0.358659   -0.411198
numThreads -0.258896 -0.060733 -0.358659    1.000000    0.126547
GCInterval -0.222268 -0.307990 -0.411198    0.126547    1.000000
R Means Squared
105.94139486961379
