
GC Util
36.12435233160622
193
110.0
0.0
30.0
32.987767267456626
-3.4196147779093478
0.0006904412234524355
heapSize
102.58984455958549
193
106.25
100.0
101.56
2.3371359958745304
numThreads
100.0
193
100.0
100.0
100.0
0.0
GCInterval
99.48186528497409
193
100
0
100.0
7.198157507486946
Correlation
                Time   GC Util  heapSize  numThreads  GCInterval
Time        1.000000  0.542182  0.992000         NaN    0.084307
GC Util     0.542182  1.000000  0.523437         NaN    0.079236
heapSize    0.992000  0.523437  1.000000         NaN    0.080180
numThreads       NaN       NaN       NaN         NaN         NaN
GCInterval  0.084307  0.079236  0.080180         NaN    1.000000
R Means Squared
36.64081362085083
