
GC Util
10.785723905723906
7425
126.0
0.0
11.0
13.640572042566191
-212.99607258761338
0.0
heapSize
278.88887811447813
7425
459.38
100.0
278.12
104.65283500309826
numThreads
86.18181818181819
7425
100.0
25.0
100.0
29.078090797369462
GCInterval
99.98653198653199
7425
100
0
100.0
1.1605177063713181
Correlation
                Time   GC Util  heapSize  numThreads  GCInterval
Time        1.000000 -0.289533  0.967236    0.043992    0.029534
GC Util    -0.289533  1.000000 -0.316242    0.256146    0.009178
heapSize    0.967236 -0.316242  1.000000    0.077770    0.019840
numThreads  0.043992  0.256146  0.077770    1.000000   -0.005516
GCInterval  0.029534  0.009178  0.019840   -0.005516    1.000000
R Means Squared
16.460347210889275
