
GC Util
29.66839378238342
193
145.0
0.0
19.0
35.65815541958755
-4.854634173237364
1.7222312120422432e-06
heapSize
102.58984455958549
193
106.25
100.0
101.56
2.3371359958745304
numThreads
82.90155440414507
193
100.0
25.0
100.0
31.546520669025348
GCInterval
99.48186528497409
193
100
0
100.0
7.198157507486946
Correlation
                Time   GC Util  heapSize  numThreads  GCInterval
Time        1.000000  0.593754  0.993485   -0.072389    0.084906
GC Util     0.593754  1.000000  0.559385   -0.039792    0.060202
heapSize    0.993485  0.559385  1.000000   -0.107907    0.080180
numThreads -0.072389 -0.039792 -0.107907    1.000000   -0.039218
GCInterval  0.084906  0.060202  0.080180   -0.039218    1.000000
R Means Squared
36.85639405019731
