
GC Util
18.833050367855122
1767
118.0
0.0
10.0
25.66827926661206
-47.33681447066239
0.0
heapSize
138.71848330503678
1767
189.06
100.0
137.5
23.839034953324102
numThreads
88.03056027164686
1767
100.0
25.0
100.0
27.474855690476915
GCInterval
99.94340690435767
1767
100
0
100.0
2.3789303403490325
Correlation
                Time   GC Util  heapSize  numThreads  GCInterval
Time        1.000000  0.058440  0.976978   -0.149772    0.029759
GC Util     0.058440  1.000000  0.077694   -0.050650    0.017464
heapSize    0.976978  0.077694  1.000000   -0.164955    0.038660
numThreads -0.149772 -0.050650 -0.164955    1.000000   -0.010370
GCInterval  0.029759  0.017464  0.038660   -0.010370    1.000000
R Means Squared
25.68753515551057
