
GC Util
55.016344725111445
673
147.0
0.0
64.0
31.56358897715979
-10.752702110920481
4.5724706769959856e-26
heapSize
113.67013372956909
673
126.56
100.0
114.06
8.734810360600921
numThreads
99.33135215453194
673
100.0
25.0
100.0
7.055172501934495
GCInterval
99.85141158989599
673
100
0
100.0
3.8547167224585
Correlation
                Time   GC Util  heapSize  numThreads  GCInterval
Time        1.000000  0.488156  0.952865    0.018586    0.096661
GC Util     0.488156  1.000000  0.443498    0.083246    0.067289
heapSize    0.952865  0.443498  1.000000    0.018366    0.060417
numThreads  0.018586  0.083246  0.018366    1.000000   -0.003659
GCInterval  0.096661  0.067289  0.060417   -0.003659    1.000000
R Means Squared
47.12668267458306
