
GC Util
14.954422224348548
31353
118.0
0.0
12.0
9.626850602934125
-182.10855056359432
0.0
heapSize
503.7459445667082
31353
892.19
100.0
503.12
225.77691119300295
numThreads
98.85178451822792
31353
100.0
25.0
100.0
9.208716905225076
GCInterval
99.99681051255064
31353
100
0
100.0
0.5647554735783346
Correlation
                Time   GC Util  heapSize  numThreads  GCInterval
Time        1.000000 -0.289638  0.991989    0.148815    0.011891
GC Util    -0.289638  1.000000 -0.315301   -0.181170    0.008773
heapSize    0.991989 -0.315301  1.000000    0.158882    0.010100
numThreads  0.148815 -0.181170  0.158882    1.000000   -0.000704
GCInterval  0.011891  0.008773  0.010100   -0.000704    1.000000
R Means Squared
10.868815562144661
