
GC Util
2.1839213418160788
1729
96.0
0.0
0.0
7.076038441871719
-3.749996422011582
0.0001796790192397885
heapSize
100.41954887218043
1729
103.12
100.0
100.0
0.8087579240410877
numThreads
98.95893580104106
1729
100.0
25.0
100.0
8.777275096867161
GCInterval
101.62472527472526
1729
107.65
0.0
103.65
14.803781824408613
Correlation
                Time   GC Util  heapSize  numThreads  GCInterval
Time        1.000000 -0.210143  0.689954   -0.142254    0.176128
GC Util    -0.210143  1.000000 -0.014438   -0.254082   -0.264729
heapSize    0.689954 -0.014438  1.000000   -0.310423    0.054558
numThreads -0.142254 -0.254082 -0.310423    1.000000    0.011555
GCInterval  0.176128 -0.264729  0.054558    0.011555    1.000000
R Means Squared
19.169090214836643
