
GC Util
3.2256365232660227
1139
106.0
0.0
0.0
8.344462999710231
-3.966853034776248
7.503912223503297e-05
heapSize
100.28899034240563
1139
103.12
100.0
100.0
0.7303185253112519
numThreads
99.86830553116769
1139
100.0
25.0
100.0
3.14140188860405
GCInterval
100.28942054433713
1139
107.65
0.0
102.85
16.921557755925864
Correlation
                Time   GC Util  heapSize  numThreads  GCInterval
Time        1.000000 -0.218472  0.686862   -0.054466    0.186314
GC Util    -0.218472  1.000000  0.032480   -0.516787   -0.211992
heapSize    0.686862  0.032480  1.000000   -0.162650    0.024013
numThreads -0.054466 -0.516787 -0.162650    1.000000   -0.006349
GCInterval  0.186314 -0.211992  0.024013   -0.006349    1.000000
R Means Squared
18.733611509145604
