
GC Util
27.858306036499766
10685
160.0
0.0
0.0
38.81804297057554
-291.0528687502967
0.0
heapSize
358.4861806270473
10685
621.88
100.0
357.81
150.62456229745476
numThreads
70.85634066448291
10685
100.0
25.0
100.0
36.55881093465971
GCInterval
99.99064108563407
10685
100
0
100.0
0.9674148213632844
Correlation
                Time   GC Util  heapSize  numThreads  GCInterval
Time        1.000000  0.076535  0.995219   -0.037285    0.018230
GC Util     0.076535  1.000000  0.078957    0.405882    0.006943
heapSize    0.995219  0.078957  1.000000   -0.036160    0.016603
numThreads -0.037285  0.405882 -0.036160    1.000000   -0.007713
GCInterval  0.018230  0.006943  0.016603   -0.007713    1.000000
R Means Squared
39.60369187235515
