
GC Util
93.43501669733524
14673
327.0
0.0
89.0
52.14660116551067
3.6318882519640305
0.00028181127380766787
heapSize
100.0
14673
100
100
100.0
0.0
numThreads
98.5483541198119
14673
100.0
25.0
100.0
10.33312354120355
GCInterval
99.99318476112587
14673
100
0
100.0
0.8255446004985159
Correlation
                Time   GC Util  heapSize  numThreads  GCInterval
Time        1.000000  0.299167       NaN    0.098101    0.023404
GC Util     0.299167  1.000000       NaN    0.155331    0.014793
heapSize         NaN       NaN       NaN         NaN         NaN
numThreads  0.098101  0.155331       NaN    1.000000   -0.001160
GCInterval  0.023404  0.014793       NaN   -0.001160    1.000000
R Means Squared
90.06544490448056
