
GC Util
43.912772585669785
321
124.0
0.0
31.0
32.90676021125821
-3.2221049154112444
0.001329416164478399
heapSize
105.6463551401869
321
114.06
100.0
104.69
4.343840983044994
numThreads
94.85981308411215
321
100.0
25.0
100.0
18.979321937702444
GCInterval
99.68847352024922
321
100
0
100.0
5.581455721859476
Correlation
                Time   GC Util  heapSize  numThreads  GCInterval
Time        1.000000  0.464117  0.988169   -0.088867    0.068963
GC Util     0.464117  1.000000  0.479602    0.126872    0.074715
heapSize    0.988169  0.479602  1.000000   -0.099785    0.072777
numThreads -0.088867  0.126872 -0.099785    1.000000   -0.015164
GCInterval  0.068963  0.074715  0.072777   -0.015164    1.000000
R Means Squared
40.6362175981643
