
GC Util
14.614107883817427
1687
115.0
0.0
0.0
26.36375014311806
-126.72289861359036
0.0
heapSize
138.99480735032603
1687
187.5
100.0
139.06
24.020629752042115
numThreads
77.23770005927682
1687
100.0
25.0
100.0
34.49283180879666
GCInterval
99.9407231772377
1687
100
0
100.0
2.4346831983299166
Correlation
                Time   GC Util  heapSize  numThreads  GCInterval
Time        1.000000  0.037857  0.976021   -0.076210    0.030836
GC Util     0.037857  1.000000  0.052445   -0.058681    0.013504
heapSize    0.976021  0.052445  1.000000   -0.094481    0.039548
numThreads -0.076210 -0.058681 -0.094481    1.000000   -0.016076
GCInterval  0.030836  0.013504  0.039548   -0.016076    1.000000
R Means Squared
26.900616229502457
