
GC Util
8.392156862745098
663
55.0
0.0
2.0
13.566777843352696
0.4001377854948981
0.6891212333614543
heapSize
100.21176470588235
663
101.56
100.0
100.0
0.5347335153779466
numThreads
100.0
663
100.0
100.0
100.0
0.0
GCInterval
96.42873303167421
663
106.85
0.0
101.65
23.534846091861173
Correlation
                Time   GC Util  heapSize  numThreads  GCInterval
Time        1.000000 -0.240002  0.202305         NaN    0.383395
GC Util    -0.240002  1.000000 -0.006917         NaN   -0.263493
heapSize    0.202305 -0.006917  1.000000         NaN    0.109037
numThreads       NaN       NaN       NaN         NaN         NaN
GCInterval  0.383395 -0.263493  0.109037         NaN    1.000000
R Means Squared
17.847181017924825
