
GC Util
48.4367816091954
609
143.0
0.0
30.0
30.267932268912105
-34.108874740304714
8.191746620990716e-186
heapSize
112.5614449917898
609
126.56
100.0
112.5
8.444948537634872
numThreads
98.0295566502463
609
100.0
25.0
100.0
12.005718756589639
GCInterval
99.83579638752053
609
100
0
100.0
4.052204492365538
Correlation
                Time   GC Util  heapSize  numThreads  GCInterval
Time        1.000000  0.452742  0.942531   -0.129398    0.099483
GC Util     0.452742  1.000000  0.421202    0.113036    0.064953
heapSize    0.942531  0.421202  1.000000   -0.124291    0.060374
numThreads -0.129398  0.113036 -0.124291    1.000000   -0.006662
GCInterval  0.099483  0.064953  0.060374   -0.006662    1.000000
R Means Squared
41.512575497869776
