
GC Util
13.824305360651136
3563
115.0
0.0
3.0
23.86231100173581
-100.80791988509642
0.0
heapSize
184.6477294414819
3563
276.56
100.0
184.38
50.26884980347791
numThreads
81.43418467583497
3563
100.0
25.0
100.0
32.37345820680829
GCInterval
99.97193376368229
3563
100
0
100.0
1.6752980725145539
Correlation
                Time   GC Util  heapSize  numThreads  GCInterval
Time        1.000000 -0.158721  0.991274    0.035342    0.028777
GC Util    -0.158721  1.000000 -0.149127    0.123663    0.009708
heapSize    0.991274 -0.149127  1.000000    0.035134    0.028218
numThreads  0.035342  0.123663  0.035134    1.000000   -0.009610
GCInterval  0.028777  0.009708  0.028218   -0.009610    1.000000
R Means Squared
24.64526889075724
