
GC Util
13.373631187034604
2283
193.0
0.0
7.0
18.228949688540833
-0.9522375669402046
0.3410274068867428
heapSize
114.91010074463426
2283
152.34
100.0
112.5
15.823448285187961
numThreads
98.02890932982918
2283
100.0
25.0
100.0
12.000403367165834
GCInterval
100.01456416995181
2283
107.25
0.0
101.65
11.838294385310085
Correlation
                Time   GC Util  heapSize  numThreads  GCInterval
Time        1.000000  0.050094  0.801527    0.059589    0.170405
GC Util     0.050094  1.000000  0.102400   -0.063339   -0.067977
heapSize    0.801527  0.102400  1.000000    0.032066    0.037058
numThreads  0.059589 -0.063339  0.032066    1.000000    0.063359
GCInterval  0.170405 -0.067977  0.037058    0.063359    1.000000
R Means Squared
19.392210257205296
