
GC Util
28.361247947454842
609
145.0
0.0
23.0
33.16814532393301
-40.61997387921999
1.623911219406592e-238
heapSize
112.5614449917898
609
126.56
100.0
112.5
8.444948537634872
numThreads
81.77339901477832
609
100.0
25.0
100.0
32.194534337737345
GCInterval
99.83579638752053
609
100
0
100.0
4.052204492365538
Correlation
                Time   GC Util  heapSize  numThreads  GCInterval
Time        1.000000  0.242018  0.936293   -0.258541    0.097570
GC Util     0.242018  1.000000  0.191471    0.292664    0.034706
heapSize    0.936293  0.191471  1.000000   -0.235497    0.060374
numThreads -0.258541  0.292664 -0.235497    1.000000   -0.022979
GCInterval  0.097570  0.034706  0.060374   -0.022979    1.000000
R Means Squared
34.17937806715434
