
GC Util
20.468644386030793
2663
114.0
0.0
7.0
28.059794020951212
-88.57299169225104
0.0
heapSize
162.7076605332332
2663
232.81
100.0
162.5
37.61980303760175
numThreads
98.19752159218926
2663
100.0
25.0
100.0
11.488538430438359
GCInterval
99.96244836650395
2663
100
0
100.0
1.9378243856463637
Correlation
                Time   GC Util  heapSize  numThreads  GCInterval
Time        1.000000 -0.215677  0.983349    0.180261    0.040418
GC Util    -0.215677  1.000000 -0.235250   -0.053663    0.014141
heapSize    0.983349 -0.235250  1.000000    0.208251    0.032313
numThreads  0.180261 -0.053663  0.208251    1.000000   -0.003041
GCInterval  0.040418  0.014141  0.032313   -0.003041    1.000000
R Means Squared
28.05843909604018
