
GC Util
8.647655982662256
8767
348.0
0.0
6.0
12.950601178307716
-1.7637458875687997
0.07779360286325346
heapSize
147.56839511805634
8767
196.88
100.0
153.12
24.067569953999953
numThreads
98.3745865176229
8767
100.0
25.0
100.0
10.921430652051956
GCInterval
102.13882171780541
8767
107.25
0.0
102.85
7.044297434353522
Correlation
                Time   GC Util  heapSize  numThreads  GCInterval
Time        1.000000 -0.204857  0.822560    0.117124    0.201707
GC Util    -0.204857  1.000000 -0.166219   -0.172456   -0.125024
heapSize    0.822560 -0.166219  1.000000    0.054990    0.190051
numThreads  0.117124 -0.172456  0.054990    1.000000    0.132570
GCInterval  0.201707 -0.125024  0.190051    0.132570    1.000000
R Means Squared
17.221343006748498
