
GC Util
42.358674463937625
513
164.0
0.0
36.0
41.845605445668035
-6.989289173538436
4.456965441906089e-12
heapSize
110.23376218323587
513
121.88
100.0
109.38
7.06729605391236
numThreads
80.99415204678363
513
100.0
25.0
100.0
32.654171059906716
GCInterval
99.80506822612085
513
100
0
100.0
4.4151078568834805
Correlation
                Time   GC Util  heapSize  numThreads  GCInterval
Time        1.000000  0.274403  0.878765   -0.170025    0.118775
GC Util     0.274403  1.000000  0.203960    0.141145    0.044780
heapSize    0.878765  0.203960  1.000000   -0.097758    0.064058
numThreads -0.170025  0.141145 -0.097758    1.000000   -0.025748
GCInterval  0.118775  0.044780  0.064058   -0.025748    1.000000
R Means Squared
47.40835007591045
