
GC Util
70.28890783366487
10557
155.0
0.0
82.0
30.7687515125137
-63.01884092495056
0.0
heapSize
239.46608885099934
10557
375.0
100.0
240.62
75.53242269273065
numThreads
97.93975561238989
10557
100.0
25.0
100.0
12.25919891316564
GCInterval
99.990527612011
10557
100
0
100.0
0.9732619374563063
Correlation
                Time   GC Util  heapSize  numThreads  GCInterval
Time        1.000000  0.167556  0.991572    0.035242    0.023612
GC Util     0.167556  1.000000  0.161082    0.221847    0.022236
heapSize    0.991572  0.161082  1.000000    0.037080    0.017972
numThreads  0.035242  0.221847  0.037080    1.000000   -0.001636
GCInterval  0.023612  0.022236  0.017972   -0.001636    1.000000
R Means Squared
58.95422498958309
