
GC Util
12.723238614246789
2569
849.0
0.0
4.0
46.96181513179644
3.9313013398077117
8.559417063797357e-05
heapSize
104.0183028415726
2569
146.88
100.0
100.0
8.63335305932061
numThreads
98.07318022576878
2569
100.0
25.0
100.0
11.868179171088308
GCInterval
100.53622031919035
2569
107.65
0.0
102.45
12.414698779838345
Correlation
                Time   GC Util  heapSize  numThreads  GCInterval
Time        1.000000  0.098295  0.434762    0.016949    0.144248
GC Util     0.098295  1.000000  0.079180   -0.036170   -0.172580
heapSize    0.434762  0.079180  1.000000   -0.060232   -0.063713
numThreads  0.016949 -0.036170 -0.060232    1.000000    0.119108
GCInterval  0.144248 -0.172580 -0.063713    0.119108    1.000000
R Means Squared
47.51320727657206
