
GC Util
15.981337098655535
16289
120.0
0.0
12.0
11.60579149700609
-446.98801740235876
0.0
heapSize
495.29129105531337
16289
892.19
100.0
495.31
229.60210550529573
numThreads
98.62790840444471
16289
100.0
25.0
100.0
10.051389789079055
GCInterval
99.99386088771564
16289
100
0
100.0
0.783524874165695
Correlation
                Time   GC Util  heapSize  numThreads  GCInterval
Time        1.000000 -0.334946  0.990927    0.189240    0.016229
GC Util    -0.334946  1.000000 -0.355401   -0.156451    0.010790
heapSize    0.990927 -0.355401  1.000000    0.197166    0.013490
numThreads  0.189240 -0.156451  0.197166    1.000000   -0.001070
GCInterval  0.016229  0.010790  0.013490   -0.001070    1.000000
R Means Squared
12.281521841628312
