
GC Util
31.59583952451709
673
137.0
0.0
25.0
33.08885198253074
-16.793402259703406
2.557290031810899e-58
heapSize
113.67013372956909
673
126.56
100.0
114.06
8.734810360600921
numThreads
85.28974739970282
673
100.0
25.0
100.0
29.80263698925783
GCInterval
99.85141158989599
673
100
0
100.0
3.854716722458499
Correlation
                Time   GC Util  heapSize  numThreads  GCInterval
Time        1.000000  0.227482  0.936767   -0.082302    0.097995
GC Util     0.227482  1.000000  0.170139    0.104649    0.036863
heapSize    0.936767  0.170139  1.000000   -0.045018    0.060417
numThreads -0.082302  0.104649 -0.045018    1.000000   -0.019055
GCInterval  0.097995  0.036863  0.060417   -0.019055    1.000000
R Means Squared
35.03867529910622
