
GC Util
43.26424870466321
193
129.0
0.0
31.0
38.262901100210506
-9.228268015168032
1.6302748310927986e-18
heapSize
102.58984455958549
193
106.25
100.0
101.56
2.3371359958745304
numThreads
99.22279792746114
193
100.0
25.0
100.0
7.614890733347985
GCInterval
99.48186528497409
193
100
0
100.0
7.198157507486946
Correlation
                Time   GC Util  heapSize  numThreads  GCInterval
Time        1.000000  0.586998  0.992088   -0.015629    0.084921
GC Util     0.586998  1.000000  0.573785    0.035566    0.081814
heapSize    0.992088  0.573785  1.000000   -0.023273    0.080180
numThreads -0.015629  0.035566 -0.023273    1.000000   -0.007385
GCInterval  0.084921  0.081814  0.080180   -0.007385    1.000000
R Means Squared
44.69551564945844
