
GC Util
21.239195163764325
11083
163.0
0.0
0.0
29.033978832986154
-496.3686873701
0.0
heapSize
368.1942470450239
11083
639.06
100.0
368.75
156.22015217554073
numThreads
72.60669493819363
11083
100.0
25.0
100.0
36.114019371520236
GCInterval
99.99097717224578
11083
100
0
100.0
0.9498856643943088
Correlation
                Time   GC Util  heapSize  numThreads  GCInterval
Time        1.000000  0.146290  0.981679   -0.057040    0.012466
GC Util     0.146290  1.000000  0.143471    0.328392    0.006949
heapSize    0.981679  0.143471  1.000000   -0.063597    0.016309
numThreads -0.057040  0.328392 -0.063597    1.000000   -0.007206
GCInterval  0.012466  0.006949  0.016309   -0.007206    1.000000
R Means Squared
29.059103076716024
