
GC Util
86.54290171606864
16025
1056.0
0.0
57.0
117.06703692965263
-4.687606871685036
2.7755051623633973e-06
heapSize
100.0
16025
100
100
100.0
0.0
numThreads
78.63026521060843
16025
100.0
25.0
100.0
33.85463138164147
GCInterval
99.99375975039001
16025
100
0
100.0
0.7899525055333645
Correlation
                Time   GC Util  heapSize  numThreads  GCInterval
Time        1.000000  0.154416       NaN   -0.094204    0.023420
GC Util     0.154416  1.000000       NaN    0.039863    0.005840
heapSize         NaN       NaN       NaN         NaN         NaN
numThreads -0.094204  0.039863       NaN    1.000000   -0.004987
GCInterval  0.023420  0.005840       NaN   -0.004987    1.000000
R Means Squared
134.65434897302015
