
GC Util
40.492980641347714
6767
750.0
0.0
37.0
51.03650953421553
2.382214535981354
0.0172235143764992
heapSize
159.1089463573223
6767
642.19
100.0
100.0
110.00907204171432
numThreads
98.71434904684499
6767
100.0
25.0
100.0
9.735755237700433
GCInterval
95.08843653022018
6767
107.25
0.0
97.65
11.440209486355878
Correlation
                Time   GC Util  heapSize  numThreads  GCInterval
Time        1.000000  0.130055  0.847133   -0.062891   -0.134308
GC Util     0.130055  1.000000  0.185403    0.030500   -0.248732
heapSize    0.847133  0.185403  1.000000   -0.026631   -0.227930
numThreads -0.062891  0.030500 -0.026631    1.000000   -0.017431
GCInterval -0.134308 -0.248732 -0.227930   -0.017431    1.000000
R Means Squared
54.99366004540789
