
GC Util
42.611667648791986
1697
129.0
0.0
35.0
35.299736497664846
-103.9369819084473
0.0
heapSize
139.24014142604597
1697
187.5
100.0
139.06
24.165244162881635
numThreads
99.29286977018268
1697
100.0
25.0
100.0
7.250221358210641
GCInterval
99.94107248084856
1697
100
0
100.0
2.4274991071356498
Correlation
                Time   GC Util  heapSize  numThreads  GCInterval
Time        1.000000  0.182799  0.974064    0.068500    0.030692
GC Util     0.182799  1.000000  0.223659    0.079791    0.029321
heapSize    0.974064  0.223659  1.000000    0.080381    0.039442
numThreads  0.068500  0.079791  0.080381    1.000000   -0.002369
GCInterval  0.030692  0.029321  0.039442   -0.002369    1.000000
R Means Squared
41.912106028008246
