
GC Util
31.844568672585773
9123
2097.0
0.0
9.0
99.48318192488503
15.27309109445564
2.418865772096358e-52
heapSize
257.87253096569106
9123
438.28
100.0
261.72
130.20055171461516
numThreads
98.3393620519566
9123
100.0
25.0
100.0
11.03646134236591
GCInterval
97.10407212539735
9123
107.65
0.0
101.65
14.268654388235964
Correlation
                Time   GC Util  heapSize  numThreads  GCInterval
Time        1.000000 -0.031915  0.875128    0.074063    0.073068
GC Util    -0.031915  1.000000  0.030369    0.008706   -0.360939
heapSize    0.875128  0.030369  1.000000    0.079719   -0.068596
numThreads  0.074063  0.008706  0.079719    1.000000    0.055600
GCInterval  0.073068 -0.360939 -0.068596    0.055600    1.000000
R Means Squared
100.18039959495864
