
GC Util
62.14671814671814
2849
149.0
0.0
75.0
29.31231161635802
-139.6308586104162
0.0
heapSize
167.18146718146718
2849
235.94
100.0
167.19
40.13151093464068
numThreads
98.10459810459811
2849
100.0
25.0
100.0
11.773327754130955
GCInterval
99.96489996489997
2849
100
0
100.0
1.873500336269922
Correlation
                Time   GC Util  heapSize  numThreads  GCInterval
Time        1.000000  0.282050  0.995419   -0.182691    0.033129
GC Util     0.282050  1.000000  0.291410    0.187762    0.039735
heapSize    0.995419  0.291410  1.000000   -0.175597    0.031374
numThreads -0.182691  0.187762 -0.175597    1.000000   -0.003017
GCInterval  0.033129  0.039735  0.031374   -0.003017    1.000000
R Means Squared
51.334743393299235
