
GC Util
91.87807584361335
15321
339.0
0.0
70.0
51.13006264276934
1.0356784372853534
0.30036014655904014
heapSize
100.0
15321
100
100
100.0
0.0
numThreads
99.83356177795183
15321
100.0
25.0
100.0
3.529302760061633
GCInterval
99.99347301090008
15321
100
0
100.0
0.8078978338829859
Correlation
                Time   GC Util  heapSize  numThreads  GCInterval
Time        1.000000  0.213929       NaN    0.020679    0.023858
GC Util     0.213929  1.000000       NaN    0.056208    0.014518
heapSize         NaN       NaN       NaN         NaN         NaN
numThreads  0.020679  0.056208       NaN    1.000000   -0.000381
GCInterval  0.023858  0.014518       NaN   -0.000381    1.000000
R Means Squared
88.20754196125938
