
GC Util
20.393240168995774
3077
118.0
0.0
7.0
28.508423796691286
-56.926353111616585
0.0
heapSize
178.78714982125447
3077
250.0
100.0
182.03
41.80582783687121
numThreads
99.26876828079298
3077
100.0
25.0
100.0
7.370572189840593
GCInterval
99.96750081247968
3077
100
0
100.0
1.80275310345904
Correlation
                Time   GC Util  heapSize  numThreads  GCInterval
Time        1.000000 -0.087853  0.418880   -0.002731    0.086446
GC Util    -0.087853  1.000000 -0.243319   -0.040637    0.012900
heapSize    0.418880 -0.243319  1.000000    0.123231    0.033986
numThreads -0.002731 -0.040637  0.123231    1.000000   -0.001789
GCInterval  0.086446  0.012900  0.033986   -0.001789    1.000000
R Means Squared
28.50650337171569
