
GC Util
10.294759531186852
7423
117.0
0.0
11.0
12.201560315125867
-215.8626048179425
0.0
heapSize
278.84024787821636
7423
459.38
100.0
278.12
104.62497925788823
numThreads
84.460460730163
7423
100.0
25.0
100.0
30.399221333278778
GCInterval
99.98652835780682
7423
100
0
100.0
1.1606740366348927
Correlation
                Time   GC Util  heapSize  numThreads  GCInterval
Time        1.000000 -0.293815  0.970384    0.037059    0.029180
GC Util    -0.293815  1.000000 -0.318496    0.292904    0.009794
heapSize    0.970384 -0.318496  1.000000    0.064080    0.019843
numThreads  0.037059  0.292904  0.064080    1.000000   -0.005934
GCInterval  0.029180  0.009794  0.019843   -0.005934    1.000000
R Means Squared
15.59005164711435
