
GC Util
44.432414480239125
3011
1002.0
0.0
24.0
76.6036938561552
5.643582019386727
1.7454494943172435e-08
heapSize
165.56981069412157
3011
411.72
100.0
100.0
95.52183044219407
numThreads
99.80073065426768
3011
100.0
25.0
100.0
3.861404491722051
GCInterval
78.4102457655264
3011
127.25
0.0
94.85
35.118789806613606
Correlation
                Time   GC Util  heapSize  numThreads  GCInterval
Time        1.000000  0.256725  0.824179   -0.028168   -0.409807
GC Util     0.256725  1.000000  0.339153    0.014780   -0.370281
heapSize    0.824179  0.339153  1.000000   -0.005835   -0.628544
numThreads -0.028168  0.014780 -0.005835    1.000000   -0.033941
GCInterval -0.409807 -0.370281 -0.628544   -0.033941    1.000000
R Means Squared
80.39353141716698
