
GC Util
12.195709809592673
4149
114.0
0.0
4.0
23.185164488761526
-73.34200366871073
0.0
heapSize
170.57873704507108
4149
275.0
100.0
173.44
39.00440752355777
numThreads
86.44251626898048
4149
100.0
25.0
100.0
28.865320642730694
GCInterval
99.97589780670042
4149
100
0
100.0
1.5524881094420737
Correlation
                Time   GC Util  heapSize  numThreads  GCInterval
Time        1.000000 -0.109153  0.991548    0.039641    0.033587
GC Util    -0.109153  1.000000 -0.114091    0.077722    0.008168
heapSize    0.991548 -0.114091  1.000000    0.053793    0.028099
numThreads  0.039641  0.077722  0.053793    1.000000   -0.007293
GCInterval  0.033587  0.008168  0.028099   -0.007293    1.000000
R Means Squared
24.46076932478765
