
GC Util
39.72550846141903
6441
702.0
0.0
38.0
47.123352565170215
1.4675620647462315
0.14224866149162615
heapSize
162.1386648036019
6441
588.28
100.0
100.0
115.11984239653609
numThreads
99.30135072193758
6441
100.0
25.0
100.0
7.205459436482513
GCInterval
86.25591523055428
6441
119.25
0.0
92.05
22.410654421937817
Correlation
                Time   GC Util  heapSize  numThreads  GCInterval
Time        1.000000  0.125846  0.848243   -0.074042   -0.254752
GC Util     0.125846  1.000000  0.192274    0.033528   -0.355627
heapSize    0.848243  0.192274  1.000000   -0.052647   -0.381490
numThreads -0.074042  0.033528 -0.052647    1.000000   -0.015033
GCInterval -0.254752 -0.355627 -0.381490   -0.015033    1.000000
R Means Squared
51.081907553501324
