
GC Util
39.801169590643276
513
195.0
0.0
36.0
37.552612033044866
-7.873453476228952
7.367118536235998e-15
heapSize
110.23376218323587
513
121.88
100.0
109.38
7.06729605391236
numThreads
81.57894736842105
513
100.0
25.0
100.0
32.315312154937516
GCInterval
99.80506822612085
513
100
0
100.0
4.415107856883482
Correlation
                Time   GC Util  heapSize  numThreads  GCInterval
Time        1.000000  0.278634  0.862337   -0.154004    0.121949
GC Util     0.278634  1.000000  0.159761    0.121548    0.046886
heapSize    0.862337  0.159761  1.000000   -0.080949    0.064058
numThreads -0.154004  0.121548 -0.080949    1.000000   -0.025217
GCInterval  0.121949  0.046886  0.064058   -0.025217    1.000000
R Means Squared
42.42093896153369
