
GC Util
20.912294288480155
5165
269.0
0.0
16.0
21.385407284310865
-5.2395115664990906
1.6429952086042728e-07
heapSize
260.4941103581801
5165
625.0
100.0
224.22
159.0127838008342
numThreads
97.53146176185867
5165
100.0
25.0
100.0
13.38212834044564
GCInterval
97.95007744433687
5165
110.85
0.0
101.25
13.47784735339347
Correlation
                Time   GC Util  heapSize  numThreads  GCInterval
Time        1.000000  0.028733  0.917536    0.034435    0.029079
GC Util     0.028733  1.000000  0.032479   -0.010704   -0.113970
heapSize    0.917536  0.032479  1.000000    0.041855   -0.057184
numThreads  0.034435 -0.010704  0.041855    1.000000    0.001273
GCInterval  0.029079 -0.113970 -0.057184    0.001273    1.000000
R Means Squared
21.40278908098907
