
GC Util
13.581236673773986
2345
114.0
0.0
7.0
16.989767729852993
-0.6578928692201569
0.5106400084399179
heapSize
116.35811513859277
2345
155.47
100.0
114.84
16.687639770335554
numThreads
99.74413646055437
2345
100.0
25.0
100.0
4.374066544803264
GCInterval
101.30283582089552
2345
129.25
0.0
105.65
22.4063429837446
Correlation
                Time   GC Util  heapSize  numThreads  GCInterval
Time        1.000000  0.043345  0.756474    0.056610    0.095644
GC Util     0.043345  1.000000  0.094774    0.006308   -0.168416
heapSize    0.756474  0.094774  1.000000    0.055997   -0.054409
numThreads  0.056610  0.006308  0.055997    1.000000    0.001574
GCInterval  0.095644 -0.168416 -0.054409    0.001574    1.000000
R Means Squared
18.15845911763034
