
GC Util
64.07334734875029
4281
153.0
0.0
77.0
28.267724441095098
-28.12677692770177
1.9536586159199384e-169
heapSize
194.67311375846768
4281
275.78
100.0
196.09
48.39486170636242
numThreads
99.19411352487737
4281
100.0
25.0
100.0
7.733434083542205
GCInterval
99.97664097173558
4281
100
0
100.0
1.5283660642798962
Correlation
                Time   GC Util  heapSize  numThreads  GCInterval
Time        1.000000  0.293833  0.992928    0.049799    0.030646
GC Util     0.293833  1.000000  0.307605    0.148726    0.034651
heapSize    0.992928  0.307605  1.000000    0.054883    0.029906
numThreads  0.049799  0.148726  0.054883    1.000000   -0.001593
GCInterval  0.030646  0.034651  0.029906   -0.001593    1.000000
R Means Squared
52.35778392902454
