
GC Util
5.2097834700477605
46691
237.0
0.0
4.0
7.321696722623102
4.750432103306561
2.032958559996165e-06
heapSize
193.59513953438565
46691
238.28
100.0
200.0
29.380365180438385
numThreads
99.93253517808571
46691
100.0
25.0
100.0
2.248425763798558
GCInterval
106.21226467627594
46691
114.45
0.0
106.45
6.298912523189537
Correlation
                Time   GC Util  heapSize  numThreads  GCInterval
Time        1.000000 -0.207418  0.796559    0.035108    0.158613
GC Util    -0.207418  1.000000 -0.273726   -0.042660   -0.177844
heapSize    0.796559 -0.273726  1.000000    0.064547    0.209527
numThreads  0.035108 -0.042660  0.064547    1.000000    0.031079
GCInterval  0.158613 -0.177844  0.209527    0.031079    1.000000
R Means Squared
16.503229980006203
