
GC Util
81.4123358436547
16067
1256.0
0.0
58.0
110.26164329003099
-10.267622856729316
1.0764483942972298e-24
heapSize
100.0
16067
100
100
100.0
0.0
numThreads
80.20787950457459
16067
100.0
25.0
100.0
33.05675446054298
GCInterval
99.99377606273728
16067
100
0
100.0
0.7889193407891831
Correlation
                Time   GC Util  heapSize  numThreads  GCInterval
Time        1.000000  0.161068       NaN   -0.038547    0.023886
GC Util     0.161068  1.000000       NaN    0.037068    0.005825
heapSize         NaN       NaN       NaN         NaN         NaN
numThreads -0.038547  0.037068       NaN    1.000000   -0.004724
GCInterval  0.023886  0.005825       NaN   -0.004724    1.000000
R Means Squared
126.20756035804361
