
GC Util
36.83509341998375
1231
124.0
0.0
28.0
33.94157490877542
-32.077645347099825
3.854489561929454e-203
heapSize
164.98139723801785
1231
244.53
100.0
162.5
39.85442051964509
numThreads
99.6344435418359
1231
100.0
25.0
100.0
5.225445839602864
GCInterval
99.91876523151909
1231
100
0
100.0
2.8501713717057404
Correlation
                Time   GC Util  heapSize  numThreads  GCInterval
Time        1.000000  0.149607  0.973081    0.010773    0.034613
GC Util     0.149607  1.000000  0.171273    0.058105    0.030957
heapSize    0.973081  0.171273  1.000000    0.013512    0.046509
numThreads  0.010773  0.058105  0.013512    1.000000   -0.001996
GCInterval  0.034613  0.030957  0.046509   -0.001996    1.000000
R Means Squared
37.87499212451626
