
GC Util
35.51057521249259
5059
154.0
0.0
24.0
38.95772410375169
-49.008687957799296
0.0
heapSize
172.65268234829017
5059
235.94
100.0
173.44
37.45714153241629
numThreads
74.50088950385452
5059
100.0
25.0
100.0
35.531369267952535
GCInterval
99.9802332476774
5059
100
0
100.0
1.4059428268103011
Correlation
                Time   GC Util  heapSize  numThreads  GCInterval
Time        1.000000  0.106013  0.993777   -0.061735    0.028576
GC Util     0.106013  1.000000  0.105311    0.308341    0.012818
heapSize    0.993777  0.105311  1.000000   -0.064828    0.027275
numThreads -0.061735  0.308341 -0.064828    1.000000   -0.010092
GCInterval  0.028576  0.012818  0.027275   -0.010092    1.000000
R Means Squared
41.92829843820173
