
GC Util
11.668326311757948
2611
987.0
0.0
4.0
39.506160199532225
3.3168485678487616
0.0009166369682484734
heapSize
104.08923018000765
2611
142.97
100.0
100.0
8.065917077185892
numThreads
99.65530448104175
2611
100.0
25.0
100.0
5.073776546295524
GCInterval
106.51154729988511
2611
131.65
0.0
109.25
20.129297326574786
Correlation
                Time   GC Util  heapSize  numThreads  GCInterval
Time        1.000000  0.076635  0.402035   -0.049833    0.088657
GC Util     0.076635  1.000000  0.049202   -0.002578   -0.262242
heapSize    0.402035  0.049202  1.000000   -0.011606   -0.095106
numThreads -0.049833 -0.002578 -0.011606    1.000000    0.028231
GCInterval  0.088657 -0.262242 -0.095106    0.028231    1.000000
R Means Squared
40.36775601610232
