
GC Util
2.464183381088825
1745
106.0
0.0
0.0
8.554467000019667
-2.9654361587783136
0.003042735772058276
heapSize
100.69454441260746
1745
105.47
100.0
100.0
1.5408980802804373
numThreads
99.91404011461319
1745
100.0
25.0
100.0
2.538364578745225
GCInterval
112.23882521489972
1745
131.65
0.0
114.85
19.633605270077087
Correlation
                Time   GC Util  heapSize  numThreads  GCInterval
Time        1.000000 -0.138533  0.742374    0.034010    0.169256
GC Util    -0.138533  1.000000  0.050363   -0.021927   -0.191647
heapSize    0.742374  0.050363  1.000000    0.015273   -0.043032
numThreads  0.034010 -0.021927  0.015273    1.000000    0.016548
GCInterval  0.169256 -0.191647 -0.043032    0.016548    1.000000
R Means Squared
19.510044433852226
