
GC Util
38.61895375284306
6595
871.0
0.0
36.0
50.12948570240996
-0.02154264703445127
0.9828131273677918
heapSize
161.3570978013647
6595
819.53
100.0
100.0
114.64121672370459
numThreads
99.65883244882487
6595
100.0
25.0
100.0
5.047279843650209
GCInterval
82.905966641395
6595
126.05
0.0
88.45
26.10570585192819
Correlation
                Time   GC Util  heapSize  numThreads  GCInterval
Time        1.000000  0.158427  0.837277   -0.029579   -0.266574
GC Util     0.158427  1.000000  0.214262    0.024210   -0.367240
heapSize    0.837277  0.214262  1.000000    0.009370   -0.405972
numThreads -0.029579  0.024210  0.009370    1.000000   -0.019640
GCInterval -0.266574 -0.367240 -0.405972   -0.019640    1.000000
R Means Squared
53.47195278505789
