
GC Util
36.189388851578244
1489
127.0
0.0
30.0
32.168037803774475
-35.475505028189076
2.5547892789076304e-244
heapSize
148.3263801208865
1489
210.16
100.0
146.88
29.854227321620677
numThreads
100.0
1489
100.0
100.0
100.0
0.0
GCInterval
99.93284083277368
1489
100
0
100.0
2.591508580466722
Correlation
                Time   GC Util  heapSize  numThreads  GCInterval
Time        1.000000  0.185424  0.971816         NaN    0.031709
GC Util     0.185424  1.000000  0.209968         NaN    0.029174
heapSize    0.971816  0.209968  1.000000         NaN    0.041978
numThreads       NaN       NaN       NaN         NaN         NaN
GCInterval  0.031709  0.029174  0.041978         NaN    1.000000
R Means Squared
36.002555688703545
