
GC Util
20.923383084577114
5025
501.0
0.0
16.0
27.59925451923346
-4.7829670323294025
1.7524443000489006e-06
heapSize
272.6441512437811
5025
760.16
100.0
229.69
177.4536979884558
numThreads
95.3731343283582
5025
100.0
25.0
100.0
18.046380516548876
GCInterval
99.12134328358209
5025
105.65
0.0
100.85
9.790841583225095
Correlation
                Time   GC Util  heapSize  numThreads  GCInterval
Time        1.000000 -0.010704  0.942476   -0.056053    0.145004
GC Util    -0.010704  1.000000 -0.020368   -0.163103   -0.099228
heapSize    0.942476 -0.020368  1.000000   -0.102414    0.071466
numThreads -0.056053 -0.163103 -0.102414    1.000000    0.134314
GCInterval  0.145004 -0.099228  0.071466    0.134314    1.000000
R Means Squared
27.611952131233178
