
GC Util
17.751319171965903
7391
118.0
0.0
12.0
15.018720499594348
-71.30245681126912
0.0
heapSize
365.9336571505886
7391
611.72
100.0
365.62
143.19014483878038
numThreads
99.7158706534975
7391
100.0
25.0
100.0
4.607802530930776
GCInterval
99.98647003111893
7391
100
0
100.0
1.1631839442268608
Correlation
                Time   GC Util  heapSize  numThreads  GCInterval
Time        1.000000 -0.390215  0.967457    0.060838    0.031326
GC Util    -0.390215  1.000000 -0.429478   -0.032112    0.013750
heapSize    0.967457 -0.429478  1.000000    0.072956    0.021606
numThreads  0.060838 -0.032112  0.072956    1.000000   -0.000717
GCInterval  0.031326  0.013750  0.021606   -0.000717    1.000000
R Means Squared
15.1851247096483
