
GC Util
19.6878748850046
27175
3320.0
0.0
11.0
56.7748424849505
14.849278730138675
8.646019027059647e-50
heapSize
350.1130053357865
27175
431.25
100.0
387.5
98.59500526949968
numThreads
97.96320147194112
27175
100.0
25.0
100.0
12.190849447039147
GCInterval
100.40096596136155
27175
114.45
0.0
102.85
13.408179308213693
Correlation
                Time   GC Util  heapSize  numThreads  GCInterval
Time        1.000000 -0.034672  0.240674   -0.042002    0.069707
GC Util    -0.034672  1.000000 -0.041074   -0.009707   -0.398358
heapSize    0.240674 -0.041074  1.000000   -0.027003    0.113673
numThreads -0.042002 -0.009707 -0.027003    1.000000    0.012100
GCInterval  0.069707 -0.398358  0.113673    0.012100    1.000000
R Means Squared
56.77465583813061
