
GC Util
36.45368549217945
10677
186.0
0.0
25.0
39.300580484297704
-103.1573237395541
0.0
heapSize
240.96771377727825
10677
379.69
100.0
240.62
76.30350283661951
numThreads
77.1846024164091
10677
100.0
25.0
100.0
34.5068685076944
GCInterval
99.99063407324155
10677
100
0
100.0
0.9677771829534292
Correlation
                Time   GC Util  heapSize  numThreads  GCInterval
Time        1.000000  0.019125  0.992637   -0.033028    0.023592
GC Util     0.019125  1.000000  0.016725    0.263018    0.008978
heapSize    0.992637  0.016725  1.000000   -0.033457    0.017881
numThreads -0.033028  0.263018 -0.033457    1.000000   -0.006399
GCInterval  0.023592  0.008978  0.017881   -0.006399    1.000000
R Means Squared
42.604163324759604
