
GC Util
33.110639802050194
2829
121.0
0.0
17.0
34.72963044962608
-74.19680512068118
0.0
heapSize
200.05471898197246
2829
306.25
100.0
200.78
59.79939989759347
numThreads
99.84093319194062
2829
100.0
25.0
100.0
3.450930010986322
GCInterval
99.96465182043124
2829
100
0
100.0
1.8801111554573626
Correlation
                Time   GC Util  heapSize  numThreads  GCInterval
Time        1.000000 -0.136994  0.663950   -0.041915    0.094668
GC Util    -0.136994  1.000000 -0.345702    0.009883    0.017931
heapSize    0.663950 -0.345702  1.000000   -0.036705    0.031469
numThreads -0.041915  0.009883 -0.036705    1.000000   -0.000867
GCInterval  0.094668  0.017931  0.031469   -0.000867    1.000000
R Means Squared
37.116165697678966
