
GC Util
46.26805642100493
17653
140.0
0.0
49.0
22.83590756247973
-76.52855161761714
0.0
heapSize
443.94188863082763
17653
772.66
100.0
444.53
189.13498389865262
numThreads
99.79606865688551
17653
100.0
25.0
100.0
3.9056531912711483
GCInterval
99.99433524046904
17653
100
0
100.0
0.7526459679662083
Correlation
                Time   GC Util  heapSize  numThreads  GCInterval
Time        1.000000  0.413091  0.980854   -0.068857    0.010098
GC Util     0.413091  1.000000  0.410629    0.054158    0.015250
heapSize    0.980854  0.410629  1.000000   -0.063954    0.013688
numThreads -0.068857  0.054158 -0.063954    1.000000   -0.000393
GCInterval  0.010098  0.015250  0.013688   -0.000393    1.000000
R Means Squared
34.80603283665518
