
GC Util
15.091761327646637
23681
129.0
0.0
12.0
9.88942583543249
-158.4295275192376
0.0
heapSize
591.4816299987332
23681
1046.88
100.0
603.91
271.56386546764924
numThreads
99.69595878552425
23681
100.0
25.0
100.0
4.765669846956794
GCInterval
99.9957772053545
23681
100
0
100.0
0.6498303352026892
Correlation
                Time   GC Util  heapSize  numThreads  GCInterval
Time        1.000000 -0.311461  0.990061    0.074468    0.014155
GC Util    -0.311461  1.000000 -0.326652   -0.088922    0.009917
heapSize    0.990061 -0.326652  1.000000    0.077325    0.011761
numThreads  0.074468 -0.088922  0.077325    1.000000   -0.000415
GCInterval  0.014155  0.009917  0.011761   -0.000415    1.000000
R Means Squared
11.040263597158859
