
GC Util
24.03724893487523
8215
870.0
0.0
16.0
34.00150135226638
0.5754905229489691
0.5649679941617425
heapSize
484.66401460742543
8215
1232.03
100.0
490.62
309.03635939591726
numThreads
98.21059038344492
8215
100.0
25.0
100.0
11.44638297897074
GCInterval
96.8614303104078
8215
111.25
0.0
101.25
14.864861800547812
Correlation
                Time   GC Util  heapSize  numThreads  GCInterval
Time        1.000000 -0.157943  0.962911    0.071236    0.213797
GC Util    -0.157943  1.000000 -0.163190    0.008946   -0.153923
heapSize    0.962911 -0.163190  1.000000    0.077991    0.191384
numThreads  0.071236  0.008946  0.077991    1.000000    0.013879
GCInterval  0.213797 -0.153923  0.191384    0.013879    1.000000
R Means Squared
34.23829351098163
