
GC Util
4.276801952162803
43439
392.0
0.0
3.0
6.25192034281535
-8.194178498052706
2.55718519552535e-16
heapSize
192.0034890305946
43439
232.81
100.0
196.88
28.089663854870036
numThreads
99.4302355026589
43439
100.0
25.0
100.0
6.51219486804718
GCInterval
103.62147954603009
43439
107.25
0.0
103.65
3.195997366527194
Correlation
                Time   GC Util  heapSize  numThreads  GCInterval
Time        1.000000 -0.192169  0.748986    0.058768    0.125148
GC Util    -0.192169  1.000000 -0.270342   -0.187218   -0.143821
heapSize    0.748986 -0.270342  1.000000    0.065424    0.191959
numThreads  0.058768 -0.187218  0.065424    1.000000    0.210695
GCInterval  0.125148 -0.143821  0.191959    0.210695    1.000000
R Means Squared
16.92053678292196
