
GC Util
7.737704918032787
671
92.0
0.0
2.0
15.044106103590211
-0.3759483210692269
0.7070167029343271
heapSize
100.05579731743667
671
101.56
100.0
100.0
0.289923686395389
numThreads
97.54098360655738
671
100.0
25.0
100.0
13.365841009706267
GCInterval
99.58368107302535
671
113.25
0.0
104.05
22.240289304992764
Correlation
                Time   GC Util  heapSize  numThreads  GCInterval
Time        1.000000 -0.053813  0.173980    0.282377    0.421057
GC Util    -0.053813  1.000000 -0.000910   -0.132368   -0.090211
heapSize    0.173980 -0.000910  1.000000    0.035460    0.056473
numThreads  0.282377 -0.132368  0.035460    1.000000    0.299956
GCInterval  0.421057 -0.090211  0.056473    0.299956    1.000000
R Means Squared
19.39978643851294
