
GC Util
67.4325641477306
17031
165.0
0.0
79.0
29.680847180753027
-101.82857308779523
0.0
heapSize
429.80915154717866
17031
749.22
100.0
430.47
181.46269059459496
numThreads
99.12806059538488
17031
100.0
25.0
100.0
8.039836589902498
GCInterval
99.99412835417768
17031
100
0
100.0
0.7662666521729884
Correlation
                Time   GC Util  heapSize  numThreads  GCInterval
Time        1.000000  0.079214  0.995288    0.003320    0.014889
GC Util     0.079214  1.000000  0.082131    0.158673    0.017410
heapSize    0.995288  0.082131  1.000000    0.004530    0.013928
numThreads  0.003320  0.158673  0.004530    1.000000   -0.000831
GCInterval  0.014889  0.017410  0.013928   -0.000831    1.000000
R Means Squared
55.953097363542014
