
GC Util
26.746113989637305
193
123.0
0.0
19.0
30.77595107397612
-14.714402179153822
1.8503785895748566e-39
heapSize
102.58984455958549
193
106.25
100.0
101.56
2.3371359958745304
numThreads
83.67875647668394
193
100.0
25.0
100.0
31.027380624951174
GCInterval
99.48186528497409
193
100
0
100.0
7.198157507486946
Correlation
                Time   GC Util  heapSize  numThreads  GCInterval
Time        1.000000  0.377043  0.992505   -0.359883    0.085320
GC Util     0.377043  1.000000  0.355133   -0.439618    0.062882
heapSize    0.992505  0.355133  1.000000   -0.373556    0.080180
numThreads -0.359883 -0.439618 -0.373556    1.000000   -0.038061
GCInterval  0.085320  0.062882  0.080180   -0.038061    1.000000
R Means Squared
31.428675728243597
