
GC Util
42.5331646484728
5533
3125.0
0.0
35.0
81.59557956934894
3.379866738765347
0.0007276306794662147
heapSize
174.10285197903488
5533
720.31
100.0
100.0
126.44313772222633
numThreads
99.15958792698355
5533
100.0
25.0
100.0
7.895307417877397
GCInterval
89.77129043918308
5533
111.65
0.0
94.85
18.903255844514877
Correlation
                Time   GC Util  heapSize  numThreads  GCInterval
Time        1.000000  0.105037  0.366842    0.005317   -0.056410
GC Util     0.105037  1.000000  0.121264    0.023508   -0.266316
heapSize    0.366842  0.121264  1.000000   -0.023990   -0.278872
numThreads  0.005317  0.023508 -0.023990    1.000000    0.044359
GCInterval -0.056410 -0.266316 -0.278872    0.044359    1.000000
R Means Squared
84.64265365642245
