
GC Util
8.422187981510016
649
55.0
0.0
2.0
13.434472914457784
0.43565382738613706
0.6631615379258456
heapSize
100.26921417565484
649
101.56
100.0
100.0
0.5899441530766781
numThreads
99.768875192604
649
100.0
25.0
100.0
4.160241579318196
GCInterval
99.52411402157165
649
119.65
0.0
104.05
24.481932116937525
Correlation
                Time   GC Util  heapSize  numThreads  GCInterval
Time        1.000000 -0.186923  0.168992    0.040442    0.365716
GC Util    -0.186923  1.000000 -0.016793    0.030740   -0.252863
heapSize    0.168992 -0.016793  1.000000    0.025391    0.147632
numThreads  0.040442  0.030740  0.025391    1.000000    0.001987
GCInterval  0.365716 -0.252863  0.147632    0.001987    1.000000
R Means Squared
17.727173955712352
