
GC Util
11.943263763143683
31479
121.0
0.0
12.0
9.555826898993114
-190.96149344792573
0.0
heapSize
505.2123974713301
31479
893.75
100.0
506.25
224.63578779364352
numThreads
91.76593919756027
31479
100.0
25.0
100.0
23.447223025674482
GCInterval
99.99682327901141
31479
100
0
100.0
0.5636240758338463
Correlation
                Time   GC Util  heapSize  numThreads  GCInterval
Time        1.000000 -0.207978  0.992652    0.068093    0.012068
GC Util    -0.207978  1.000000 -0.221463    0.357576    0.007045
heapSize    0.992652 -0.221463  1.000000    0.072240    0.010167
numThreads  0.068093  0.357576  0.072240    1.000000   -0.001979
GCInterval  0.012068  0.007045  0.010167   -0.001979    1.000000
R Means Squared
12.498876978683455
