
GC Util
33.38845553822153
641
131.0
0.0
30.0
14.987404845975194
-39.633758795093875
3.7780762995451634e-234
heapSize
120.0077379095164
641
142.19
100.0
118.75
13.353365120118646
numThreads
95.78783151326053
641
100.0
25.0
100.0
17.281092679473943
GCInterval
99.84399375975039
641
100
0
100.0
3.9497625276668225
Correlation
                Time   GC Util  heapSize  numThreads  GCInterval
Time        1.000000  0.416537  0.529058   -0.090007    0.151839
GC Util     0.416537  1.000000  0.070636    0.142971    0.088129
heapSize    0.529058  0.070636  1.000000   -0.148369    0.059273
numThreads -0.090007  0.142971 -0.148369    1.000000   -0.009642
GCInterval  0.151839  0.088129  0.059273   -0.009642    1.000000
R Means Squared
20.087872483287924
