
GC Util
31.911547911547913
2849
150.0
0.0
19.0
38.576722538281345
-162.59303863285237
0.0
heapSize
167.18146718146718
2849
235.94
100.0
167.19
40.13151093464068
numThreads
72.2007722007722
2849
100.0
25.0
100.0
36.22990123896999
GCInterval
99.96489996489997
2849
100
0
100.0
1.873500336269922
Correlation
                Time   GC Util  heapSize  numThreads  GCInterval
Time        1.000000  0.166199  0.995016   -0.086108    0.033139
GC Util     0.166199  1.000000  0.167128    0.528381    0.015503
heapSize    0.995016  0.167128  1.000000   -0.089372    0.031374
numThreads -0.086108  0.528381 -0.089372    1.000000   -0.014380
GCInterval  0.033139  0.015503  0.031374   -0.014380    1.000000
R Means Squared
40.36738967937052
