
GC Util
31.9064023399415
9231
3125.0
0.0
9.0
111.19513419696675
13.782077397120553
5.326029764032378e-43
heapSize
260.937588560286
9231
437.5
100.0
263.28
131.41528454366508
numThreads
99.62625934351641
9231
100.0
25.0
100.0
5.2814665501527704
GCInterval
93.9351153721157
9231
121.25
0.0
104.05
28.883745180094223
Correlation
                Time   GC Util  heapSize  numThreads  GCInterval
Time        1.000000 -0.033294  0.871122    0.044709    0.116324
GC Util    -0.033294  1.000000  0.023643    0.007274   -0.348079
heapSize    0.871122  0.023643  1.000000    0.052902   -0.036495
numThreads  0.044709  0.007274  0.052902    1.000000    0.005109
GCInterval  0.116324 -0.348079 -0.036495    0.005109    1.000000
R Means Squared
111.82477742944758
