
GC Util
13.413049565947913
3571
112.0
0.0
2.0
23.48280109586986
-101.40984136394128
0.0
heapSize
184.82039204704566
3571
275.0
100.0
184.38
50.34219648359649
numThreads
80.34164099691964
3571
100.0
25.0
100.0
32.988340177561525
GCInterval
99.97199663959675
3571
100
0
100.0
1.6734204613081678
Correlation
                Time   GC Util  heapSize  numThreads  GCInterval
Time        1.000000 -0.153504  0.990476    0.052536    0.028836
GC Util    -0.153504  1.000000 -0.142789    0.030174    0.009561
heapSize    0.990476 -0.142789  1.000000    0.047888    0.028203
numThreads  0.052536  0.030174  0.047888    1.000000   -0.009975
GCInterval  0.028836  0.009561  0.028203   -0.009975    1.000000
R Means Squared
24.385968118016688
