
GC Util
25.284959492779148
2839
114.0
0.0
14.0
25.921905727326713
-82.87463272187557
0.0
heapSize
200.42546671363158
2839
308.59
100.0
200.78
60.01918799995194
numThreads
99.73582247270166
2839
100.0
25.0
100.0
4.444151395483533
GCInterval
99.96477632969355
2839
100
0
100.0
1.8767970137030252
Correlation
                Time   GC Util  heapSize  numThreads  GCInterval
Time        1.000000 -0.298651  0.986092    0.034595    0.030924
GC Util    -0.298651  1.000000 -0.281898    0.007536    0.018313
heapSize    0.986092 -0.281898  1.000000    0.046086    0.031414
numThreads  0.034595  0.007536  0.046086    1.000000   -0.001116
GCInterval  0.030924  0.018313  0.031414   -0.001116    1.000000
R Means Squared
26.45069582479943
