
GC Util
19.752362008950772
10055
128.0
0.0
12.0
18.24454645567309
-77.98334438858757
0.0
heapSize
314.46841969169566
10055
517.19
100.0
315.62
118.43715691678362
numThreads
98.89607160616609
10055
100.0
25.0
100.0
9.032390902832313
GCInterval
99.99005469915465
10055
100
0
100.0
0.9972612920067928
Correlation
                Time   GC Util  heapSize  numThreads  GCInterval
Time        1.000000 -0.231833  0.610908    0.045757    0.084351
GC Util    -0.231833  1.000000 -0.418077   -0.051544    0.010798
heapSize    0.610908 -0.418077  1.000000    0.114158    0.018060
numThreads  0.045757 -0.051544  0.114158    1.000000   -0.001219
GCInterval  0.084351  0.010798  0.018060   -0.001219    1.000000
R Means Squared
18.24531982930949
