
GC Util
9.183382659212977
9123
362.0
0.0
6.0
13.337128473669578
0.23518652242516436
0.8140668726502773
heapSize
150.2782637290365
9123
190.62
100.0
156.25
24.744610798541718
numThreads
99.88490628082867
9123
100.0
25.0
100.0
2.9359371942163617
GCInterval
105.54160363915378
9123
120.05
0.0
107.25
12.97219604331613
Correlation
                Time   GC Util  heapSize  numThreads  GCInterval
Time        1.000000 -0.225032  0.824852    0.043450    0.245503
GC Util    -0.225032  1.000000 -0.175713   -0.018778   -0.157453
heapSize    0.824852 -0.175713  1.000000    0.046593    0.194866
numThreads  0.043450 -0.018778  0.046593    1.000000    0.013920
GCInterval  0.245503 -0.157453  0.194866    0.013920    1.000000
R Means Squared
17.171450397624657
