
GC Util
17.967713938552336
5761
135.0
0.0
13.0
12.51178607404231
-182.0900721060307
0.0
heapSize
307.3988821385176
5761
517.19
100.0
306.25
121.79128167176077
numThreads
99.60944280506857
5761
100.0
25.0
100.0
5.398547359774657
GCInterval
99.9826419024475
5761
100
0
100.0
1.3175013302652965
Correlation
                Time   GC Util  heapSize  numThreads  GCInterval
Time        1.000000 -0.456230  0.971100    0.083624    0.034773
GC Util    -0.456230  1.000000 -0.495585   -0.025633    0.018923
heapSize    0.971100 -0.495585  1.000000    0.099269    0.022440
numThreads  0.083624 -0.025633  0.099269    1.000000   -0.000953
GCInterval  0.034773  0.018923  0.022440   -0.000953    1.000000
R Means Squared
12.674691483450776
