
GC Util
23.530384054448227
2057
130.0
0.0
9.0
30.584007155299116
-77.09845908425993
0.0
heapSize
171.81420515313565
2057
252.34
100.0
172.66
43.493954342651065
numThreads
99.85415653864851
2057
100.0
25.0
100.0
3.3048901806011544
GCInterval
99.95138551288284
2057
100
0
100.0
2.204869318512118
Correlation
                Time   GC Util  heapSize  numThreads  GCInterval
Time        1.000000  0.007712  0.429943   -0.061879    0.108244
GC Util     0.007712  1.000000 -0.213288   -0.015114    0.016972
heapSize    0.429943 -0.213288  1.000000    0.040781    0.036423
numThreads -0.061879 -0.015114  0.040781    1.000000   -0.000973
GCInterval  0.108244  0.016972  0.036423   -0.000973    1.000000
R Means Squared
30.779707183980012
