
GC Util
54.507795100222715
449
134.0
0.0
41.0
31.971465469686418
-3.4340468661189396
0.000614897325600385
heapSize
121.71510022271715
449
146.88
100.0
119.53
15.358130032053083
numThreads
99.33184855233853
449
100.0
25.0
100.0
7.05519605973485
GCInterval
99.77728285077951
449
100
0
100.0
4.719291781830087
Correlation
                Time   GC Util  heapSize  numThreads  GCInterval
Time        1.000000  0.542728  0.861290    0.014033    0.123069
GC Util     0.542728  1.000000  0.352985    0.050492    0.080638
heapSize    0.861290  0.352985  1.000000    0.037668    0.066876
numThreads  0.014033  0.050492  0.037668    1.000000   -0.004479
GCInterval  0.123069  0.080638  0.066876   -0.004479    1.000000
R Means Squared
47.017932417531924
