
GC Util
39.84260515603799
737
143.0
0.0
37.0
21.730492945138714
-6.531059265623064
8.811272768281279e-11
heapSize
122.28624151967435
737
142.19
100.0
123.44
13.792826668679671
numThreads
96.94708276797829
737
100.0
25.0
100.0
14.830607682180787
GCInterval
99.86431478968792
737
100
0
100.0
3.6835473434187866
Correlation
                Time   GC Util  heapSize  numThreads  GCInterval
Time        1.000000  0.312352  0.531952   -0.058134    0.151308
GC Util     0.312352  1.000000  0.171625    0.069335    0.067629
heapSize    0.531952  0.171625  1.000000   -0.038205    0.059599
numThreads -0.058134  0.069335 -0.038205    1.000000   -0.007593
GCInterval  0.151308  0.067629  0.059599   -0.007593    1.000000
R Means Squared
29.41602587058619
