
GC Util
15.359312320916905
5235
122.0
0.0
4.0
23.851250332817735
-98.80060754683483
0.0
heapSize
193.56553581661893
5235
275.0
100.0
198.44
49.334463130583345
numThreads
84.44126074498567
5235
100.0
25.0
100.0
30.413940450481995
GCInterval
99.98089780324737
5235
100
0
100.0
1.382106969544201
Correlation
                Time   GC Util  heapSize  numThreads  GCInterval
Time        1.000000 -0.247564  0.991465    0.027877    0.026160
GC Util    -0.247564  1.000000 -0.227138    0.099127    0.008902
heapSize    0.991465 -0.227138  1.000000    0.033003    0.026217
numThreads  0.027877  0.099127  0.033003    1.000000   -0.007072
GCInterval  0.026160  0.008902  0.026217   -0.007072    1.000000
R Means Squared
24.29628481038598
