
GC Util
48.47290640394089
609
126.0
0.0
31.0
30.060788274817348
-11.931822325354675
2.0294010246717563e-31
heapSize
118.59625615763547
609
137.5
100.0
118.75
12.295808621022111
numThreads
99.50738916256158
609
100.0
25.0
100.0
6.063292372088108
GCInterval
99.83579638752053
609
100
0
100.0
4.052204492365538
Correlation
                Time   GC Util  heapSize  numThreads  GCInterval
Time        1.000000  0.515885  0.958290   -0.009694    0.097289
GC Util     0.515885  1.000000  0.490311    0.070312    0.065449
heapSize    0.958290  0.490311  1.000000   -0.001018    0.061387
numThreads -0.009694  0.070312 -0.001018    1.000000   -0.003298
GCInterval  0.097289  0.065449  0.061387   -0.003298    1.000000
R Means Squared
41.38687670286791
