
GC Util
61.72395369545859
3369
154.0
0.0
72.0
28.04519637068957
-26.34568133717087
3.7663278046918705e-149
heapSize
229.98806173938854
3369
338.28
100.0
232.81
65.6671017122061
numThreads
99.42119323241317
3369
100.0
25.0
100.0
6.564166354510897
GCInterval
99.97031760166222
3369
100
0
100.0
1.7228580422595958
Correlation
                Time   GC Util  heapSize  numThreads  GCInterval
Time        1.000000  0.241962  0.991796    0.021514    0.033550
GC Util     0.241962  1.000000  0.248143    0.118643    0.037929
heapSize    0.991796  0.248143  1.000000    0.015175    0.034114
numThreads  0.021514  0.118643  0.015175    1.000000   -0.001520
GCInterval  0.033550  0.037929  0.034114   -0.001520    1.000000
R Means Squared
50.27114370671785
