
GC Util
33.954078549848944
1655
128.0
0.0
23.0
30.88440935512784
-38.40895812376927
5.700805164858332e-282
heapSize
154.03519033232627
1655
212.5
100.0
151.56
33.13341657090089
numThreads
99.81873111782477
1655
100.0
25.0
100.0
3.683816968565134
GCInterval
99.93957703927492
1655
100
0
100.0
2.4581082304299686
Correlation
                Time   GC Util  heapSize  numThreads  GCInterval
Time        1.000000  0.146923  0.977749    0.036296    0.039152
GC Util     0.146923  1.000000  0.146828    0.014275    0.027041
heapSize    0.977749  0.146828  1.000000    0.041987    0.040112
numThreads  0.036296  0.014275  0.041987    1.000000   -0.001210
GCInterval  0.039152  0.027041  0.040112   -0.001210    1.000000
R Means Squared
33.88195252562403
