
GC Util
10.067929457870672
1531
99.0
0.0
6.0
13.60860299160997
1.8874948650225354
0.05918734088078254
heapSize
100.30772044415414
1531
101.56
100.0
100.0
0.6209701161860718
numThreads
99.02024820378837
1531
100.0
25.0
100.0
8.518736454899155
GCInterval
101.18226649248857
1531
113.25
0.0
104.05
16.66843482846833
Correlation
                Time   GC Util  heapSize  numThreads  GCInterval
Time        1.000000 -0.244052  0.189798    0.202964    0.451736
GC Util    -0.244052  1.000000  0.055922   -0.072155   -0.111562
heapSize    0.189798  0.055922  1.000000    0.028119    0.055051
numThreads  0.202964 -0.072155  0.028119    1.000000    0.213985
GCInterval  0.451736 -0.111562  0.055051    0.213985    1.000000
R Means Squared
16.843964432948063
