
GC Util
9.834805993084903
2603
399.0
0.0
4.0
23.382993802027734
1.6604485928818056
0.09688461377243447
heapSize
103.11893200153668
2603
132.03
100.0
100.0
6.55662539133332
numThreads
99.71187091817134
2603
100.0
25.0
100.0
4.640574952642694
GCInterval
104.31749903956971
2603
121.25
0.0
106.45
16.313140389080868
Correlation
                Time   GC Util  heapSize  numThreads  GCInterval
Time        1.000000  0.081221  0.346239    0.006453    0.145159
GC Util     0.081221  1.000000  0.090344   -0.016908   -0.260475
heapSize    0.346239  0.090344  1.000000    0.011775   -0.094619
numThreads  0.006453 -0.016908  0.011775    1.000000    0.007720
GCInterval  0.145159 -0.260475 -0.094619    0.007720    1.000000
R Means Squared
25.492852267086292
