
GC Util
46.61208576998051
513
111.0
0.0
31.0
28.56324551366457
-32.49600430983321
6.743191758426461e-170
heapSize
125.58502923976607
513
154.69
100.0
123.44
17.667471888716744
numThreads
97.6608187134503
513
100.0
25.0
100.0
13.049858001512852
GCInterval
99.80506822612085
513
100
0
100.0
4.415107856883482
Correlation
                Time   GC Util  heapSize  numThreads  GCInterval
Time        1.000000  0.521311  0.950729    0.030176    0.100806
GC Util     0.521311  1.000000  0.469333    0.142180    0.072190
heapSize    0.950729  0.469333  1.000000    0.061553    0.064062
numThreads  0.030176  0.142180  0.061553    1.000000   -0.007930
GCInterval  0.100806  0.072190  0.064062   -0.007930    1.000000
R Means Squared
39.01886383395585
