
GC Util
19.151956323930847
29673
5179.0
0.0
11.0
69.35484088995594
11.037089799981592
2.6902208565486515e-28
heapSize
350.05424999157486
29673
421.09
100.0
389.06
97.6994797273289
numThreads
99.50965524213932
29673
100.0
25.0
100.0
6.044555415214867
GCInterval
102.74968995383009
29673
131.65
0.0
105.65
21.10983198596617
Correlation
                Time   GC Util  heapSize  numThreads  GCInterval
Time        1.000000 -0.086696  0.764713   -0.031502    0.203224
GC Util    -0.086696  1.000000 -0.043836   -0.005104   -0.346285
heapSize    0.764713 -0.043836  1.000000   -0.010033    0.135410
numThreads -0.031502 -0.005104 -0.010033    1.000000    0.019970
GCInterval  0.203224 -0.346285  0.135410    0.019970    1.000000
R Means Squared
69.35885689337367
