
GC Util
48.06475057813016
3027
1121.0
0.0
22.0
96.05830204740022
6.505197518817505
8.416126078261968e-11
heapSize
169.68152626362735
3027
431.25
100.0
100.0
100.36321475713862
numThreads
91.62537165510406
3027
100.0
25.0
100.0
23.625137364357506
GCInterval
93.5093657086224
3027
106.85
0.0
98.85
15.190975259665704
Correlation
                Time   GC Util  heapSize  numThreads  GCInterval
Time        1.000000  0.248957  0.827290   -0.313947   -0.195032
GC Util     0.248957  1.000000  0.312502   -0.080952   -0.274278
heapSize    0.827290  0.312502  1.000000   -0.393467   -0.383832
numThreads -0.313947 -0.080952 -0.393467    1.000000    0.124563
GCInterval -0.195032 -0.274278 -0.383832    0.124563    1.000000
R Means Squared
100.05887926345272
