
GC Util
14.023831446677137
18463
115.0
0.0
12.0
8.760636675777628
-142.8824246850732
0.0
heapSize
714.4785397822671
18463
1291.41
100.0
721.09
336.09694330132174
numThreads
99.7156475112387
18463
100.0
25.0
100.0
4.60941765223452
GCInterval
99.99458376211884
18463
100
0
100.0
0.7359509413790939
Correlation
                Time   GC Util  heapSize  numThreads  GCInterval
Time        1.000000 -0.308350  0.988966    0.049900    0.016679
GC Util    -0.308350  1.000000 -0.317946   -0.090976    0.011782
heapSize    0.988966 -0.317946  1.000000    0.052111    0.013456
numThreads  0.049900 -0.090976  0.052111    1.000000   -0.000454
GCInterval  0.016679  0.011782  0.013456   -0.000454    1.000000
R Means Squared
10.604677677683815
