
GC Util
96.36183803832681
14559
321.0
0.0
74.0
53.61527777158663
8.421459146903885
3.8779235275152706e-17
heapSize
100.0
14559
100
100
100.0
0.0
numThreads
99.54667216154955
14559
100.0
25.0
100.0
5.813467390089422
GCInterval
99.99313139638711
14559
100
0
100.0
0.8287703911751128
Correlation
                Time   GC Util  heapSize  numThreads  GCInterval
Time        1.000000  0.414371       NaN    0.046942    0.062986
GC Util     0.414371  1.000000       NaN    0.090376    0.014896
heapSize         NaN       NaN       NaN         NaN         NaN
numThreads  0.046942  0.090376       NaN    1.000000   -0.000646
GCInterval  0.062986  0.014896       NaN   -0.000646    1.000000
R Means Squared
93.30343441896038
