
GC Util
12.02701688555347
2665
101.0
0.0
3.0
23.442745847638392
-96.56749548483587
0.0
heapSize
162.73917448405254
2665
232.81
100.0
162.5
37.62029580492955
numThreads
84.29643527204503
2665
100.0
25.0
100.0
30.520729774968576
GCInterval
99.9624765478424
2665
100
0
100.0
1.93709711056515
Correlation
                Time   GC Util  heapSize  numThreads  GCInterval
Time        1.000000 -0.083707  0.988761    0.044724    0.040502
GC Util    -0.083707  1.000000 -0.085987    0.113129    0.009942
heapSize    0.988761 -0.085987  1.000000    0.062040    0.032317
numThreads  0.044724  0.113129  0.062040    1.000000   -0.009971
GCInterval  0.040502  0.009942  0.032317   -0.009971    1.000000
R Means Squared
24.757313623678222
