
GC Util
7.712911194903134
7691
194.0
0.0
5.0
11.93856242649124
-5.12571379028123
3.0006347577024656e-07
heapSize
147.06474060590298
7691
185.94
100.0
153.12
25.281356212791746
numThreads
98.42023143934469
7691
100.0
25.0
100.0
10.770425069387816
GCInterval
102.37587439864778
7691
107.25
0.0
102.85
7.446639531453125
Correlation
                Time   GC Util  heapSize  numThreads  GCInterval
Time        1.000000 -0.239469  0.794398    0.090138    0.195429
GC Util    -0.239469  1.000000 -0.218821   -0.247762   -0.152684
heapSize    0.794398 -0.218821  1.000000    0.030541    0.197984
numThreads  0.090138 -0.247762  0.030541    1.000000    0.087212
GCInterval  0.195429 -0.152684  0.197984    0.087212    1.000000
R Means Squared
17.13135406673002
