
GC Util
43.69258589511754
2765
862.0
0.0
22.0
67.10613420690358
5.698237388664854
1.2736872261199556e-08
heapSize
181.99192766726944
2765
482.03
100.0
125.78
100.0712050172188
numThreads
98.20976491862568
2765
100.0
25.0
100.0
11.45033218805403
GCInterval
88.29748643761302
2765
112.85
0.0
98.05
22.49783339006252
Correlation
                Time   GC Util  heapSize  numThreads  GCInterval
Time        1.000000  0.212063  0.436180    0.015165   -0.112453
GC Util     0.212063  1.000000  0.348023    0.039541   -0.361365
heapSize    0.436180  0.348023  1.000000   -0.029108   -0.492100
numThreads  0.015165  0.039541 -0.029108    1.000000    0.012212
GCInterval -0.112453 -0.361365 -0.492100    0.012212    1.000000
R Means Squared
71.15436190991042
