
GC Util
12.753347732181426
2315
196.0
0.0
7.0
17.228623867299437
-1.9385736814199506
0.0526149840490249
heapSize
114.39697624190065
2315
152.34
100.0
113.28
15.052989337694083
numThreads
95.98272138228941
2315
100.0
25.0
100.0
16.89025163213252
GCInterval
99.55907127429806
2315
106.85
0.0
101.65
13.757803545084917
Correlation
                Time   GC Util  heapSize  numThreads  GCInterval
Time        1.000000  0.019056  0.884776   -0.135774    0.239748
GC Util     0.019056  1.000000  0.038538   -0.149316   -0.104762
heapSize    0.884776  0.038538  1.000000   -0.238125    0.093963
numThreads -0.135774 -0.149316 -0.238125    1.000000    0.060412
GCInterval  0.239748 -0.104762  0.093963    0.060412    1.000000
R Means Squared
18.687194307908072
