
GC Util
69.26020589279375
8451
165.0
0.0
81.0
31.13885832683067
-58.221452981698505
0.0
heapSize
271.1883374748551
8451
439.84
100.0
271.09
91.20253360940224
numThreads
99.07703230386936
8451
100.0
25.0
100.0
8.269147419760127
GCInterval
99.98816708081884
8451
100
0
100.0
1.087792221941396
Correlation
                Time   GC Util  heapSize  numThreads  GCInterval
Time        1.000000  0.139041  0.982813    0.015718    0.030100
GC Util     0.139041  1.000000  0.124349    0.152118    0.024198
heapSize    0.982813  0.124349  1.000000    0.014734    0.020420
numThreads  0.015718  0.152118  0.014734    1.000000   -0.001214
GCInterval  0.030100  0.024198  0.020420   -0.001214    1.000000
R Means Squared
58.275909663791175
