
GC Util
23.24029262802476
1777
130.0
0.0
11.0
29.11587980245621
-45.01562160890553
0.0
heapSize
138.89978615644344
1777
187.5
100.0
137.5
23.95185917287274
numThreads
83.28643781654473
1777
100.0
25.0
100.0
31.22054650862069
GCInterval
99.94372537985369
1777
100
0
100.0
2.3722272266019115
Correlation
                Time   GC Util  heapSize  numThreads  GCInterval
Time        1.000000  0.036260  0.976848   -0.173371    0.029925
GC Util     0.036260  1.000000  0.051647   -0.033860    0.018946
heapSize    0.976848  0.051647  1.000000   -0.185598    0.038549
numThreads -0.173371 -0.033860 -0.185598    1.000000   -0.012707
GCInterval  0.029925  0.018946  0.038549   -0.012707    1.000000
R Means Squared
29.287486980636764
