
GC Util
2.222729868646488
1751
106.0
0.0
0.0
7.800554388768161
-3.609968526540218
0.0003104706263541358
heapSize
100.34033123929183
1751
103.12
100.0
100.0
0.7082002170013035
numThreads
99.65733866362079
1751
100.0
25.0
100.0
5.059328199230323
GCInterval
102.30968018275271
1751
107.65
0.0
104.05
12.534637003597041
Correlation
                Time   GC Util  heapSize  numThreads  GCInterval
Time        1.000000 -0.168318  0.750936   -0.080248    0.158978
GC Util    -0.168318  1.000000 -0.004854   -0.204393   -0.170147
heapSize    0.750936 -0.004854  1.000000   -0.116709    0.045952
numThreads -0.080248 -0.204393 -0.116709    1.000000    0.039249
GCInterval  0.158978 -0.170147  0.045952    0.039249    1.000000
R Means Squared
19.412501932940074
