
GC Util
25.13946587537092
337
126.0
0.0
26.0
30.390241869790017
-8.761965246742214
1.2957607861766346e-17
heapSize
106.0272997032641
337
114.06
100.0
106.25
4.572993719189209
numThreads
82.64094955489614
337
100.0
25.0
100.0
31.679174608211728
GCInterval
99.70326409495549
337
100
0
100.0
5.447347107028434
Correlation
                Time   GC Util  heapSize  numThreads  GCInterval
Time        1.000000  0.116535  0.991757   -0.253967    0.068593
GC Util     0.116535  1.000000  0.123807    0.161110    0.045196
heapSize    0.991757  0.123807  1.000000   -0.267531    0.072011
numThreads -0.253967  0.161110 -0.267531    1.000000   -0.029938
GCInterval  0.068593  0.045196  0.072011   -0.029938    1.000000
R Means Squared
30.777270120708984
