
GC Util
31.883040935672515
513
200.0
0.0
30.0
39.40279233581865
-32.24734467665145
1.4914722295118954e-162
heapSize
110.23376218323587
513
121.88
100.0
109.38
7.06729605391236
numThreads
77.19298245614036
513
100.0
25.0
100.0
34.535361597323615
GCInterval
99.80506822612085
513
100
0
100.0
4.4151078568834805
Correlation
                Time   GC Util  heapSize  numThreads  GCInterval
Time        1.000000  0.211542  0.861552   -0.294406    0.119800
GC Util     0.211542  1.000000  0.150166   -0.133939    0.035795
heapSize    0.861552  0.150166  1.000000   -0.195303    0.064058
numThreads -0.294406 -0.133939 -0.195303    1.000000   -0.029214
GCInterval  0.119800  0.035795  0.064058   -0.029214    1.000000
R Means Squared
41.118854968470714
