
GC Util
3.4755555555555557
1125
107.0
0.0
0.0
8.935144820849475
-3.498386630458953
0.000476959671918485
heapSize
100.31061333333334
1125
103.12
100.0
100.0
0.7763818336369195
numThreads
99.73333333333333
1125
100.0
25.0
100.0
4.466163814402899
GCInterval
100.10857777777777
1125
107.65
0.0
102.85
17.56956242415263
Correlation
                Time   GC Util  heapSize  numThreads  GCInterval
Time        1.000000 -0.201841  0.692015   -0.094834    0.198256
GC Util    -0.201841  1.000000  0.004897   -0.334581   -0.232197
heapSize    0.692015  0.004897  1.000000   -0.096170    0.036800
numThreads -0.094834 -0.334581 -0.096170    1.000000   -0.000481
GCInterval  0.198256 -0.232197  0.036800   -0.000481    1.000000
R Means Squared
18.783586215393246
