
GC Util
27.01074465103242
10703
162.0
0.0
0.0
38.797103820316714
-292.6292558476768
0.0
heapSize
358.9276819583294
10703
626.56
100.0
359.38
150.8819323505268
numThreads
70.14855647949173
10703
100.0
25.0
100.0
36.71342422256357
GCInterval
99.9906568251892
10703
100
0
100.0
0.9666009937301279
Correlation
                Time   GC Util  heapSize  numThreads  GCInterval
Time        1.000000  0.068682  0.994848   -0.042471    0.018132
GC Util     0.068682  1.000000  0.069522    0.447598    0.006730
heapSize    0.994848  0.069522  1.000000   -0.042326    0.016589
numThreads -0.042471  0.447598 -0.042326    1.000000   -0.007860
GCInterval  0.018132  0.006730  0.016589   -0.007860    1.000000
R Means Squared
39.423662571011086
