
GC Util
25.80616325570454
4251
125.0
0.0
13.0
28.788814325022756
-77.71208631921834
0.0
heapSize
209.13466478475652
4251
306.25
100.0
217.19
59.2957147996326
numThreads
99.40014114326041
4251
100.0
25.0
100.0
6.6813235729125
GCInterval
99.97647612326512
4251
100
0
100.0
1.5337495471844782
Correlation
                Time   GC Util  heapSize  numThreads  GCInterval
Time        1.000000 -0.066050  0.450871    0.018642    0.083385
GC Util    -0.066050  1.000000 -0.371143   -0.003724    0.013752
heapSize    0.450871 -0.371143  1.000000    0.071322    0.028236
numThreads  0.018642 -0.003724  0.071322    1.000000   -0.001377
GCInterval  0.083385  0.013752  0.028236   -0.001377    1.000000
R Means Squared
29.365156173312602
