
GC Util
44.3536231884058
345
126.0
0.0
30.0
35.28319227185211
-3.137241059606507
0.0017722259463088788
heapSize
109.33437681159421
345
121.09
100.0
109.38
7.033338197101685
numThreads
99.56521739130434
345
100.0
25.0
100.0
5.702096362940109
GCInterval
99.71014492753623
345
100
0
100.0
5.383819020581655
Correlation
                Time   GC Util  heapSize  numThreads  GCInterval
Time        1.000000  0.421193  0.908520   -0.023838    0.123930
GC Util     0.421193  1.000000  0.356545    0.041946    0.067875
heapSize    0.908520  0.356545  1.000000   -0.025938    0.071660
numThreads -0.023838  0.041946 -0.025938    1.000000   -0.004117
GCInterval  0.123930  0.067875  0.071660   -0.004117    1.000000
R Means Squared
42.829828424808696
