
GC Util
21.090874159462057
5205
403.0
0.0
17.0
22.867428714803694
-4.871614565916964
1.1239104108486637e-06
heapSize
263.28293948126804
5205
717.19
100.0
220.31
165.5159655783768
numThreads
98.32853025936599
5205
100.0
25.0
100.0
11.072035576251732
GCInterval
97.4155139289145
5205
116.85
0.0
101.65
16.98712841119375
Correlation
                Time   GC Util  heapSize  numThreads  GCInterval
Time        1.000000  0.046903  0.933509   -0.003919    0.000474
GC Util     0.046903  1.000000  0.055473    0.009252   -0.121107
heapSize    0.933509  0.055473  1.000000    0.003848   -0.068526
numThreads -0.003919  0.009252  0.003848    1.000000   -0.014069
GCInterval  0.000474 -0.121107 -0.068526   -0.014069    1.000000
R Means Squared
22.891239321104916
