
GC Util
35.409079967262045
20771
179.0
0.0
23.0
39.54467196432918
-164.00490504376413
0.0
heapSize
365.473029704877
20771
623.44
100.0
365.62
147.2479216929746
numThreads
74.4210678349622
20771
100.0
25.0
100.0
35.55557629023252
GCInterval
99.99518559530114
20771
100
0
100.0
0.6938591138595057
Correlation
                Time   GC Util  heapSize  numThreads  GCInterval
Time        1.000000 -0.003868  0.993538   -0.047988    0.013403
GC Util    -0.003868  1.000000 -0.003284    0.325011    0.006213
heapSize    0.993538 -0.003284  1.000000   -0.049779    0.012510
numThreads -0.047988  0.325011 -0.049779    1.000000   -0.004992
GCInterval  0.013403  0.006213  0.012510   -0.004992    1.000000
R Means Squared
42.43990503587451
