
GC Util
21.176049463065407
3073
107.0
0.0
8.0
28.704310146330275
-56.28818049776095
0.0
heapSize
178.7463325740319
3073
254.69
100.0
179.69
42.203894812675884
numThreads
99.56068987959648
3073
100.0
25.0
100.0
5.724153052613509
GCInterval
99.96745850959974
3073
100
0
100.0
1.8039260073589587
Correlation
                Time   GC Util  heapSize  numThreads  GCInterval
Time        1.000000 -0.183786  0.984525    0.070269    0.042433
GC Util    -0.183786  1.000000 -0.198304   -0.003987    0.013312
heapSize    0.984525 -0.198304  1.000000    0.066977    0.033670
numThreads  0.070269 -0.003987  0.066977    1.000000   -0.001385
GCInterval  0.042433  0.013312  0.033670   -0.001385    1.000000
R Means Squared
28.72372524237663
