
GC Util
41.371230845279285
6069
1183.0
0.0
37.0
63.91201750603526
2.92091114891532
0.0034966000641438663
heapSize
161.23015653320152
6069
567.19
100.0
100.0
112.43657717886103
numThreads
94.51309935739002
6069
100.0
25.0
100.0
19.53136773863455
GCInterval
95.5043417366947
6069
106.45
0.0
97.65
10.510814016428176
Correlation
                Time   GC Util  heapSize  numThreads  GCInterval
Time        1.000000  0.145979  0.851377   -0.244270   -0.178624
GC Util     0.145979  1.000000  0.195677   -0.080352   -0.287984
heapSize    0.851377  0.195677  1.000000   -0.284085   -0.284895
numThreads -0.244270 -0.080352 -0.284085    1.000000    0.145564
GCInterval -0.178624 -0.287984 -0.284895    0.145564    1.000000
R Means Squared
67.3854764665392
