
GC Util
24.46394984326019
319
109.0
0.0
27.0
27.507079444568507
-26.613322047413575
4.53815439931646e-109
heapSize
105.59360501567399
319
114.06
100.0
104.69
4.305765826531992
numThreads
88.71473354231975
319
100.0
25.0
100.0
26.85700784321314
GCInterval
99.68652037617555
319
100
0
100.0
5.598925109558542
Correlation
                Time   GC Util  heapSize  numThreads  GCInterval
Time        1.000000  0.150243  0.989699   -0.011290    0.068754
GC Util     0.150243  1.000000  0.142113   -0.524762    0.049952
heapSize    0.989699  0.142113  1.000000   -0.019675    0.072964
numThreads -0.011290 -0.524762 -0.019675    1.000000   -0.023601
GCInterval  0.068754  0.049952  0.072964   -0.023601    1.000000
R Means Squared
27.82434828287576
