
GC Util
20.894905920146858
2179
115.0
0.0
9.0
27.846431597863443
-50.05699096701608
0.0
heapSize
198.25323542909592
2179
287.5
100.0
201.56
52.53485131164939
numThreads
99.79348324919688
2179
100.0
25.0
100.0
3.9310557129642802
GCInterval
99.95410738871041
2179
100
0
100.0
2.1422560838887206
Correlation
                Time   GC Util  heapSize  numThreads  GCInterval
Time        1.000000 -0.238044  0.981282    0.092727    0.052142
GC Util    -0.238044  1.000000 -0.270353   -0.031027    0.016082
heapSize    0.981282 -0.270353  1.000000    0.086573    0.040084
numThreads  0.092727 -0.031027  0.086573    1.000000   -0.001126
GCInterval  0.052142  0.016082  0.040084   -0.001126    1.000000
R Means Squared
27.854420603051715
