
GC Util
34.08097165991903
741
111.0
0.0
30.0
14.006617244080338
-9.200008393875017
1.1090383984852216e-19
heapSize
122.30510121457492
741
142.19
100.0
123.44
13.757883416594526
numThreads
98.38056680161944
741
100.0
25.0
100.0
10.908506484957316
GCInterval
99.86504723346829
741
100
0
100.0
3.6735917918532266
Correlation
                Time   GC Util  heapSize  numThreads  GCInterval
Time        1.000000  0.366022  0.788009   -0.071796    0.114060
GC Util     0.366022  1.000000  0.299754    0.014126    0.089507
heapSize    0.788009  0.299754  1.000000   -0.059725    0.059639
numThreads -0.071796  0.014126 -0.059725    1.000000   -0.005461
GCInterval  0.114060  0.089507  0.059639   -0.005461    1.000000
R Means Squared
19.85432778977434
