
GC Util
30.30196373001395
9319
3016.0
0.0
9.0
111.25911230184059
12.411332807314583
3.1271865679825635e-35
heapSize
265.58773688163967
9319
430.47
100.0
298.44
124.70097889454632
numThreads
99.27567335551025
9319
100.0
25.0
100.0
7.335231625779154
GCInterval
95.47318918338878
9319
114.45
0.0
102.85
23.06633182025571
Correlation
                Time   GC Util  heapSize  numThreads  GCInterval
Time        1.000000  0.020250  0.556901    0.039792    0.061121
GC Util     0.020250  1.000000  0.045473    0.008099   -0.349373
heapSize    0.556901  0.045473  1.000000    0.072304   -0.073519
numThreads  0.039792  0.008099  0.072304    1.000000    0.011440
GCInterval  0.061121 -0.349373 -0.073519    0.011440    1.000000
R Means Squared
111.72910189142547
