
GC Util
25.645320197044335
609
128.0
0.0
23.0
32.37652122931227
-41.73541992237518
1.643978163453616e-247
heapSize
112.5614449917898
609
126.56
100.0
112.5
8.444948537634872
numThreads
78.81773399014779
609
100.0
25.0
100.0
33.79136764165659
GCInterval
99.83579638752053
609
100
0
100.0
4.052204492365538
Correlation
                Time   GC Util  heapSize  numThreads  GCInterval
Time        1.000000  0.191212  0.935055   -0.184904    0.099558
GC Util     0.191212  1.000000  0.186818    0.210732    0.032150
heapSize    0.935055  0.186818  1.000000   -0.158890    0.060374
numThreads -0.184904  0.210732 -0.158890    1.000000   -0.025443
GCInterval  0.099558  0.032150  0.060374   -0.025443    1.000000
R Means Squared
32.83881119232929
