
GC Util
8.933155377599823
8991
128.0
0.0
6.0
12.145561480176045
-0.7189589386586827
0.4721764402779305
heapSize
156.32827494160827
8991
217.19
100.0
164.84
27.730205562706935
numThreads
99.89989989989989
8991
100.0
25.0
100.0
2.7383063119886657
GCInterval
108.90061728395061
8991
129.25
0.0
110.45
15.685626817641038
Correlation
                Time   GC Util  heapSize  numThreads  GCInterval
Time        1.000000 -0.241968  0.814772    0.047209    0.268230
GC Util    -0.241968  1.000000 -0.193289   -0.022777   -0.155202
heapSize    0.814772 -0.193289  1.000000    0.062762    0.209661
numThreads  0.047209 -0.022777  0.062762    1.000000    0.015734
GCInterval  0.268230 -0.155202  0.209661    0.015734    1.000000
R Means Squared
16.43086445199927
