
GC Util
13.517262497129297
13063
118.0
0.0
12.0
13.368354302112696
-99.94167093047592
0.0
heapSize
282.0025935849345
13063
459.38
100.0
281.25
101.43607353902881
numThreads
88.02342494067213
13063
100.0
25.0
100.0
27.474762339422135
GCInterval
99.99234479063003
13063
100
0
100.0
0.8749405334064865
Correlation
                Time   GC Util  heapSize  numThreads  GCInterval
Time        1.000000 -0.301149  0.969159    0.014875    0.022923
GC Util    -0.301149  1.000000 -0.331208    0.313643    0.008848
heapSize    0.969159 -0.331208  1.000000    0.037642    0.015700
numThreads  0.014875  0.313643  0.037642    1.000000   -0.003814
GCInterval  0.022923  0.008848  0.015700   -0.003814    1.000000
R Means Squared
14.856820030932736
