
GC Util
4.72386895475819
4487
944.0
0.0
0.0
24.662613616477536
-0.5157253929112844
0.6060597464713
heapSize
127.16735903721862
4487
146.88
100.0
131.25
14.648382103914434
numThreads
99.89971027412525
4487
100.0
25.0
100.0
2.7410483179370173
GCInterval
107.47845999554268
4487
121.25
0.0
110.45
15.48665260714105
Correlation
                Time   GC Util  heapSize  numThreads  GCInterval
Time        1.000000 -0.190829  0.692710    0.036229    0.289150
GC Util    -0.190829  1.000000 -0.163687   -0.008324   -0.208726
heapSize    0.692710 -0.163687  1.000000    0.047703    0.176368
numThreads  0.036229 -0.008324  0.047703    1.000000    0.018342
GCInterval  0.289150 -0.208726  0.176368    0.018342    1.000000
R Means Squared
29.00808737319709
