
GC Util
30.561664190193166
673
110.0
0.0
25.0
31.732318167350595
-17.11880877335025
2.3803838416136816e-60
heapSize
113.67013372956909
673
126.56
100.0
114.06
8.734810360600921
numThreads
82.39227340267459
673
100.0
25.0
100.0
31.81275294177892
GCInterval
99.85141158989599
673
100
0
100.0
3.854716722458499
Correlation
                Time   GC Util  heapSize  numThreads  GCInterval
Time        1.000000  0.153422  0.954907   -0.129400    0.096731
GC Util     0.153422  1.000000  0.110253    0.132309    0.037180
heapSize    0.954907  0.110253  1.000000   -0.078914    0.060417
numThreads -0.129400  0.132309 -0.078914    1.000000   -0.021367
GCInterval  0.096731  0.037180  0.060417   -0.021367    1.000000
R Means Squared
33.42143878679514
