
GC Util
11.15874079035499
1493
86.0
0.0
7.0
14.715701214019631
3.9008588155460786
9.791724795922507e-05
heapSize
100.5224380442063
1493
101.56
100.0
100.0
0.7364951806714054
numThreads
99.39718687206965
1493
100.0
25.0
100.0
6.699079014411525
GCInterval
99.046316141996
1493
106.85
0.0
102.45
17.24912525929878
Correlation
                Time   GC Util  heapSize  numThreads  GCInterval
Time        1.000000 -0.317342  0.160862    0.093473    0.408735
GC Util    -0.317342  1.000000  0.019548   -0.183617   -0.197392
heapSize    0.160862  0.019548  1.000000    0.000298    0.114784
numThreads  0.093473 -0.183617  0.000298    1.000000    0.013205
GCInterval  0.408735 -0.197392  0.114784    0.013205    1.000000
R Means Squared
17.16317808124786
