
GC Util
21.4402721444459
7643
454.0
0.0
15.0
25.824608944646837
-4.405353653791098
1.0635074214987184e-05
heapSize
507.3997461729688
7643
1313.28
100.0
466.41
328.82697043846605
numThreads
99.27384534868507
7643
100.0
25.0
100.0
7.344477917903659
GCInterval
95.98844040298313
7643
124.05
0.0
102.85
22.717575779728804
Correlation
                Time   GC Util  heapSize  numThreads  GCInterval
Time        1.000000 -0.160351  0.963328    0.043019    0.213941
GC Util    -0.160351  1.000000 -0.149834    0.002617   -0.163033
heapSize    0.963328 -0.149834  1.000000    0.046082    0.178601
numThreads  0.043019  0.002617  0.046082    1.000000    0.007638
GCInterval  0.213941 -0.163033  0.178601    0.007638    1.000000
R Means Squared
25.863053828130205
