
GC Util
46.2842287694974
577
147.0
0.0
28.0
29.997783091751895
-34.11520467346511
8.721661799226944e-185
heapSize
117.67764298093587
577
137.5
100.0
116.41
11.97909753563053
numThreads
97.92027729636048
577
100.0
25.0
100.0
12.325471364918165
GCInterval
99.8266897746967
577
100
0
100.0
4.163054471218134
Correlation
                Time   GC Util  heapSize  numThreads  GCInterval
Time        1.000000  0.445668  0.950943    0.054606    0.100685
GC Util     0.445668  1.000000  0.390648    0.134016    0.064344
heapSize    0.950943  0.390648  1.000000    0.096462    0.061541
numThreads  0.054606  0.134016  0.096462    1.000000   -0.007037
GCInterval  0.100685  0.064344  0.061541   -0.007037    1.000000
R Means Squared
39.86437144767925
