
GC Util
39.978274760383385
1565
122.0
0.0
30.0
35.17411260840718
-102.21295053489507
0.0
heapSize
153.85982108626197
1565
212.5
100.0
153.91
33.1534405113995
numThreads
99.80830670926518
1565
100.0
25.0
100.0
3.788062756279418
GCInterval
99.93610223642173
1565
100
0
100.0
2.5278006958277923
Correlation
                Time   GC Util  heapSize  numThreads  GCInterval
Time        1.000000  0.252847  0.978098    0.037775    0.037470
GC Util     0.252847  1.000000  0.282110    0.022283    0.028749
heapSize    0.978098  0.282110  1.000000    0.037511    0.041092
numThreads  0.037775  0.022283  0.037511    1.000000   -0.001280
GCInterval  0.037470  0.028749  0.041092   -0.001280    1.000000
R Means Squared
40.442046256727785
