
GC Util
61.583772819472614
2465
154.0
0.0
73.0
29.386426700673944
-131.62851181629472
0.0
heapSize
186.71402839756593
2465
275.78
100.0
186.72
52.070404156303766
numThreads
96.40973630831643
2465
100.0
25.0
100.0
16.01511266701726
GCInterval
99.95943204868153
2465
100
0
100.0
2.0141487362769013
Correlation
                Time   GC Util  heapSize  numThreads  GCInterval
Time        1.000000  0.375555  0.986224   -0.024192    0.045800
GC Util     0.375555  1.000000  0.365583    0.278553    0.042227
heapSize    0.986224  0.365583  1.000000   -0.035779    0.033556
numThreads -0.024192  0.278553 -0.035779    1.000000   -0.004517
GCInterval  0.045800  0.042227  0.033556   -0.004517    1.000000
R Means Squared
50.91583159189008
