
GC Util
23.99370409233998
2859
116.0
0.0
13.0
24.71088165230394
-70.15167990052568
0.0
heapSize
240.11678209164043
2859
361.72
100.0
248.44
76.30467951039294
numThreads
99.79013641133264
2859
100.0
25.0
100.0
3.962476281430033
GCInterval
99.9650227352221
2859
100
0
100.0
1.8702209703105774
Correlation
                Time   GC Util  heapSize  numThreads  GCInterval
Time        1.000000 -0.405821  0.978267    0.024636    0.033055
GC Util    -0.405821  1.000000 -0.377445   -0.009126    0.018166
heapSize    0.978267 -0.377445  1.000000    0.023380    0.034355
numThreads  0.024636 -0.009126  0.023380    1.000000   -0.000991
GCInterval  0.033055  0.018166  0.034355   -0.000991    1.000000
R Means Squared
25.027260408476394
