
GC Util
31.769633507853403
573
119.0
0.0
30.0
15.527867550621512
-38.19797708779408
2.8153753846783705e-219
heapSize
129.23211169284468
573
162.5
100.0
127.34
19.84240283466791
numThreads
97.90575916230367
573
100.0
25.0
100.0
12.367261018339589
GCInterval
99.82547993019197
573
100
0
100.0
4.177559931443569
Correlation
                Time   GC Util  heapSize  numThreads  GCInterval
Time        1.000000  0.336425  0.730621   -0.069851    0.109841
GC Util     0.336425  1.000000  0.146329    0.084879    0.085621
heapSize    0.730621  0.146329  1.000000   -0.155019    0.061652
numThreads -0.069851  0.084879 -0.155019    1.000000   -0.007087
GCInterval  0.109841  0.085621  0.061652   -0.007087    1.000000
R Means Squared
19.473524336577086
