
GC Util
54.41247833622184
577
147.0
0.0
59.0
31.126250258132735
-31.13780453445098
4.087018881660277e-161
heapSize
117.67764298093587
577
137.5
100.0
116.41
11.97909753563053
numThreads
95.84055459272098
577
100.0
25.0
100.0
17.180482457418673
GCInterval
99.8266897746967
577
100
0
100.0
4.163054471218134
Correlation
                Time   GC Util  heapSize  numThreads  GCInterval
Time        1.000000  0.483692  0.818317    0.009024    0.127984
GC Util     0.483692  1.000000  0.401532    0.229657    0.072902
heapSize    0.818317  0.401532  1.000000    0.049453    0.061541
numThreads  0.009024  0.229657  0.049453    1.000000   -0.010096
GCInterval  0.127984  0.072902  0.061541   -0.010096    1.000000
R Means Squared
46.383003520663905
