
GC Util
17.54944796805262
4257
113.0
0.0
12.0
13.518991108190988
-157.7206489391393
0.0
heapSize
353.875987784825
4257
611.72
100.0
353.91
149.9719526487095
numThreads
99.57716701902748
4257
100.0
25.0
100.0
5.6161459270425675
GCInterval
99.97650927883485
4257
100
0
100.0
1.5326682995723426
Correlation
                Time   GC Util  heapSize  numThreads  GCInterval
Time        1.000000 -0.470511  0.970040    0.079164    0.039337
GC Util    -0.470511  1.000000 -0.525068   -0.035932    0.019901
heapSize    0.970040 -0.525068  1.000000    0.093155    0.025951
numThreads  0.079164 -0.035932  0.093155    1.000000   -0.001154
GCInterval  0.039337  0.019901  0.025951   -0.001154    1.000000
R Means Squared
13.737736111513408
