
GC Util
4.229022232847239
4183
1361.0
0.0
0.0
32.328562647678616
-1.2569768087795712
0.20879817473455164
heapSize
128.64469041357876
4183
153.91
100.0
133.59
15.538372988973105
numThreads
99.8207028448482
4183
100.0
25.0
100.0
3.6631061949021624
GCInterval
111.97290222328473
4183
131.65
0.0
116.05
18.938527888568462
Correlation
                Time   GC Util  heapSize  numThreads  GCInterval
Time        1.000000 -0.123828  0.740309    0.014246    0.271353
GC Util    -0.123828  1.000000 -0.146889   -0.009042   -0.166705
heapSize    0.740309 -0.146889  1.000000    0.015907    0.238718
numThreads  0.014246 -0.009042  0.015907    1.000000    0.048711
GCInterval  0.271353 -0.166705  0.238718    0.048711    1.000000
R Means Squared
35.96678814393064
