
GC Util
21.205198897203623
7617
679.0
0.0
14.0
30.709930411987187
-4.540388292286407
5.659283069674413e-06
heapSize
515.4909649468294
7617
1254.69
100.0
516.41
327.8351045462854
numThreads
93.4816857030327
7617
100.0
25.0
100.0
21.129215851379023
GCInterval
99.0855126690298
7617
105.65
0.0
101.25
8.857999746518741
Correlation
                Time   GC Util  heapSize  numThreads  GCInterval
Time        1.000000 -0.158757  0.972869    0.101519    0.226333
GC Util    -0.158757  1.000000 -0.163278   -0.159720   -0.131670
heapSize    0.972869 -0.163278  1.000000    0.078292    0.209711
numThreads  0.101519 -0.159720  0.078292    1.000000    0.173059
GCInterval  0.226333 -0.131670  0.209711    0.173059    1.000000
R Means Squared
30.731555690583743
