
GC Util
21.126136316032007
23871
4442.0
0.0
10.0
82.17028952782898
13.533667937369792
1.1512512642060692e-41
heapSize
350.78999371622467
23871
447.66
100.0
400.78
114.37053586642695
numThreads
97.69385446776424
23871
100.0
25.0
100.0
12.947958559269187
GCInterval
100.20501235809141
23871
107.65
0.0
101.65
9.318668220822977
Correlation
                Time   GC Util  heapSize  numThreads  GCInterval
Time        1.000000 -0.120739  0.794941    0.158424    0.249773
GC Util    -0.120739  1.000000 -0.072043   -0.082357   -0.342480
heapSize    0.794941 -0.072043  1.000000    0.071026    0.151272
numThreads  0.158424 -0.082357  0.071026    1.000000    0.237611
GCInterval  0.249773 -0.342480  0.151272    0.237611    1.000000
R Means Squared
82.17628497468594
