
GC Util
68.27586206896552
4495
162.0
0.0
79.0
29.673531197411254
-142.59210361664807
0.0
heapSize
261.16032480533926
4495
442.19
100.0
261.72
95.2228278529327
numThreads
98.96551724137932
4495
100.0
25.0
100.0
8.748318614884921
GCInterval
99.97775305895439
4495
100
0
100.0
1.491540849108942
Correlation
                Time   GC Util  heapSize  numThreads  GCInterval
Time        1.000000  0.189727  0.979664    0.008806    0.038699
GC Util     0.189727  1.000000  0.178188    0.173522    0.034327
heapSize    0.979664  0.178188  1.000000    0.008133    0.025249
numThreads  0.008806  0.173522  0.008133    1.000000   -0.001764
GCInterval  0.038699  0.034327  0.025249   -0.001764    1.000000
R Means Squared
56.6646399777165
