
GC Util
13.69250985545335
2283
139.0
0.0
8.0
17.116962976075317
-0.47790990372395514
0.6327374327787159
heapSize
115.75635567236094
2283
149.22
100.0
113.28
16.096490192865247
numThreads
98.48883048620236
2283
100.0
25.0
100.0
10.540528709534025
GCInterval
100.45924222514236
2283
114.05
0.0
102.85
14.924852515416877
Correlation
                Time   GC Util  heapSize  numThreads  GCInterval
Time        1.000000  0.041032  0.733097    0.094440    0.219577
GC Util     0.041032  1.000000  0.062044   -0.026986   -0.063963
heapSize    0.733097  0.062044  1.000000    0.053238    0.011371
numThreads  0.094440 -0.026986  0.053238    1.000000    0.055744
GCInterval  0.219577 -0.063963  0.011371    0.055744    1.000000
R Means Squared
18.23859966499117
