
GC Util
26.89027745395197
21445
167.0
0.0
15.0
30.319098821543953
-112.52093549293207
0.0
heapSize
375.11016180927953
21445
639.06
100.0
375.0
152.65332540815234
numThreads
73.14059221263697
21445
100.0
25.0
100.0
35.95953413556833
GCInterval
99.99533690837025
21445
100
0
100.0
0.6828683350215123
Correlation
                Time   GC Util  heapSize  numThreads  GCInterval
Time        1.000000  0.131091  0.982499   -0.046949    0.009279
GC Util     0.131091  1.000000  0.129000    0.101471    0.006057
heapSize    0.982499  0.129000  1.000000   -0.059524    0.012307
numThreads -0.046949  0.101471 -0.059524    1.000000   -0.005101
GCInterval  0.009279  0.006057  0.012307   -0.005101    1.000000
R Means Squared
31.091490980297866
