
GC Util
15.642421905129194
12965
129.0
0.0
11.0
13.591015224904304
-398.5796680879145
0.0
heapSize
571.2099838025454
12965
1046.88
100.0
571.09
274.12139719008894
numThreads
99.37524103355187
12965
100.0
25.0
100.0
6.8169042091624545
GCInterval
99.99228692634014
12965
100
0
100.0
0.8782410637093584
Correlation
                Time   GC Util  heapSize  numThreads  GCInterval
Time        1.000000 -0.296482  0.878221    0.114773    0.049666
GC Util    -0.296482  1.000000 -0.360936   -0.066603    0.010109
heapSize    0.878221 -0.360936  1.000000    0.132941    0.015098
numThreads  0.114773 -0.066603  0.132941    1.000000   -0.000805
GCInterval  0.049666  0.010109  0.015098   -0.000805    1.000000
R Means Squared
14.271998263693627
