
GC Util
18.71267040050724
9463
118.0
0.0
13.0
14.746486423870447
-78.83860145992955
0.0
heapSize
309.7694621156081
9463
517.19
100.0
308.59
118.99353470167702
numThreads
99.17573708126388
9463
100.0
25.0
100.0
7.819640094962093
GCInterval
99.98943252668288
9463
100
0
100.0
1.0279821650753416
Correlation
                Time   GC Util  heapSize  numThreads  GCInterval
Time        1.000000 -0.376934  0.965817    0.086492    0.026848
GC Util    -0.376934  1.000000 -0.439180   -0.073130    0.013046
heapSize    0.965817 -0.439180  1.000000    0.098353    0.018124
numThreads  0.086492 -0.073130  0.098353    1.000000   -0.001084
GCInterval  0.026848  0.013046  0.018124   -0.001084    1.000000
R Means Squared
14.80179379129178
