
GC Util
5.431128574547042
4581
1701.0
0.0
0.0
45.651015095744505
0.5876613818791616
0.5567751738029283
heapSize
126.22210870988867
4581
152.34
100.0
131.25
13.990803517428466
numThreads
97.77341191879502
4581
100.0
25.0
100.0
12.730741955447101
GCInterval
102.21911154769701
4581
107.65
0.0
103.65
10.692023250880991
Correlation
                Time   GC Util  heapSize  numThreads  GCInterval
Time        1.000000 -0.122195  0.672159    0.115460    0.226421
GC Util    -0.122195  1.000000 -0.121052   -0.038810   -0.168754
heapSize    0.672159 -0.121052  1.000000   -0.018617    0.215029
numThreads  0.115460 -0.038810 -0.018617    1.000000    0.093958
GCInterval  0.226421 -0.168754  0.215029    0.093958    1.000000
R Means Squared
47.91463521789289
