
GC Util
9.110727837185236
8697
312.0
0.0
6.0
13.195291880688288
-0.03638741521856586
0.970973898651327
heapSize
149.63632746924227
8697
192.19
100.0
157.03
24.158501266678137
numThreads
99.81027940669196
8697
100.0
25.0
100.0
3.7675831417648364
GCInterval
103.92842934345177
8697
113.65
0.0
104.85
9.47605870771759
Correlation
                Time   GC Util  heapSize  numThreads  GCInterval
Time        1.000000 -0.211258  0.802511    0.058218    0.229198
GC Util    -0.211258  1.000000 -0.161610   -0.034274   -0.113186
heapSize    0.802511 -0.161610  1.000000    0.067347    0.165339
numThreads  0.058218 -0.034274  0.067347    1.000000    0.014815
GCInterval  0.229198 -0.113186  0.165339    0.014815    1.000000
R Means Squared
17.107657813004202
