
GC Util
8.708018154311649
661
65.0
0.0
2.0
13.408988815952403
0.7860651310213065
0.4319738058175798
heapSize
100.15576399394855
661
101.56
100.0
100.0
0.4680393326890645
numThreads
100.0
661
100.0
100.0
100.0
0.0
GCInterval
96.62776096822995
661
106.85
0.0
101.65
22.932047117061767
Correlation
                Time   GC Util  heapSize  numThreads  GCInterval
Time        1.000000 -0.219405  0.208073         NaN    0.383742
GC Util    -0.219405  1.000000  0.013284         NaN   -0.191567
heapSize    0.208073  0.013284  1.000000         NaN    0.088675
numThreads       NaN       NaN       NaN         NaN         NaN
GCInterval  0.383742 -0.191567  0.088675         NaN    1.000000
R Means Squared
17.522494727709354
