
GC Util
27.792746113989637
193
145.0
0.0
24.0
33.23556311303322
-5.411566896440011
1.0689497449232479e-07
heapSize
102.58984455958552
193
106.25
100.0
101.56
2.3371359958745304
numThreads
89.11917098445596
193
100.0
25.0
100.0
26.48213421615575
GCInterval
99.48186528497409
193
100
0
100.0
7.198157507486947
Correlation
                Time   GC Util  heapSize  numThreads  GCInterval
Time        1.000000  0.548963  0.992905   -0.120114    0.084363
GC Util     0.548963  1.000000  0.517697   -0.031867    0.060507
heapSize    0.992905  0.517697  1.000000   -0.133702    0.080180
numThreads -0.120114 -0.031867 -0.133702    1.000000   -0.029729
GCInterval  0.084363  0.060507  0.080180   -0.029729    1.000000
R Means Squared
34.0529913167196
