
GC Util
58.08626673277144
2017
149.0
0.0
67.0
28.121626690017546
-124.07087181307534
0.0
heapSize
217.19139315815568
2017
338.28
100.0
217.19
70.97619933412379
numThreads
98.58701041150223
2017
100.0
25.0
100.0
10.199473309444471
GCInterval
99.95042141794745
2017
100
0
100.0
2.22662484609674
Correlation
                Time   GC Util  heapSize  numThreads  GCInterval
Time        1.000000  0.261312  0.991997    0.074529    0.037350
GC Util     0.261312  1.000000  0.274290    0.168002    0.046015
heapSize    0.991997  0.274290  1.000000    0.073882    0.036783
numThreads  0.074529  0.168002  0.073882    1.000000   -0.003086
GCInterval  0.037350  0.046015  0.036783   -0.003086    1.000000
R Means Squared
47.339175331546464
