
GC Util
44.739286882564606
3057
1055.0
0.0
24.0
73.79772218451046
6.016409379985146
1.8928825402585584e-09
heapSize
167.65134445534838
3057
441.41
100.0
101.56
97.18049518244491
numThreads
98.96957801766438
3057
100.0
25.0
100.0
8.731828002969557
GCInterval
82.5678606476938
3057
118.45
0.0
96.05
30.48774590652679
Correlation
                Time   GC Util  heapSize  numThreads  GCInterval
Time        1.000000  0.271768  0.827486   -0.008394   -0.400843
GC Util     0.271768  1.000000  0.355656    0.037516   -0.388396
heapSize    0.827486  0.355656  1.000000    0.035134   -0.588501
numThreads -0.008394  0.037516  0.035134    1.000000   -0.016064
GCInterval -0.400843 -0.388396 -0.588501   -0.016064    1.000000
R Means Squared
77.82258410004874
