
GC Util
69.18341452362071
8827
162.0
0.0
80.0
28.324741206415418
-214.51316033476527
0.0
heapSize
419.6840965220347
8827
746.88
100.0
418.75
186.6417517837066
numThreads
98.92942109436954
8827
100.0
25.0
100.0
8.896979613504895
GCInterval
99.98867112269174
8827
100
0
100.0
1.0643719889333219
Correlation
                Time   GC Util  heapSize  numThreads  GCInterval
Time        1.000000 -0.000931  0.994321    0.001900    0.019890
GC Util    -0.000931  1.000000  0.008754    0.198446    0.026000
heapSize    0.994321  0.008754  1.000000    0.003337    0.018233
numThreads  0.001900  0.198446  0.003337    1.000000   -0.001281
GCInterval  0.019890  0.026000  0.018233   -0.001281    1.000000
R Means Squared
56.75568991787254
