
GC Util
44.86404833836858
331
130.0
0.0
30.0
34.86697152838618
-2.9546006289166957
0.0032307705911846845
heapSize
108.85129909365558
331
121.09
100.0
109.38
6.76534205755529
numThreads
99.09365558912387
331
100.0
25.0
100.0
8.207183969997589
GCInterval
99.69788519637463
331
100
0
100.0
5.496497099293128
Correlation
                Time   GC Util  heapSize  numThreads  GCInterval
Time        1.000000  0.310318  0.991403   -0.004416    0.069142
GC Util     0.310318  1.000000  0.313688    0.040867    0.070939
heapSize    0.991403  0.313688  1.000000   -0.008656    0.072130
numThreads -0.004416  0.040867 -0.008656    1.000000   -0.006088
GCInterval  0.069142  0.070939  0.072130   -0.006088    1.000000
R Means Squared
42.78146533763243
