
GC Util
50.84407484407485
481
126.0
0.0
39.0
32.27683978790964
-26.390672976803042
2.041467184234621e-119
heapSize
114.18910602910603
481
130.47
100.0
114.06
9.907917595244275
numThreads
99.6881496881497
481
100.0
25.0
100.0
4.831153772914579
GCInterval
99.79209979209979
481
100
0
100.0
4.55960752587553
Correlation
                Time   GC Util  heapSize  numThreads  GCInterval
Time        1.000000  0.370024  0.772618    0.015165    0.129348
GC Util     0.370024  1.000000  0.185318    0.049789    0.071975
heapSize    0.772618  0.185318  1.000000    0.062015    0.065434
numThreads  0.015165  0.049789  0.062015    1.000000   -0.002949
GCInterval  0.129348  0.071975  0.065434   -0.002949    1.000000
R Means Squared
44.6204599593667
