
GC Util
68.74422347396252
8699
157.0
0.0
80.0
30.669009918412247
-59.68453223601237
0.0
heapSize
275.8569605701805
8699
444.53
100.0
275.78
93.85264838488533
numThreads
99.25853546384641
8699
100.0
25.0
100.0
7.420673874528176
GCInterval
99.98850442579607
8699
100
0
100.0
1.072174155812921
Correlation
                Time   GC Util  heapSize  numThreads  GCInterval
Time        1.000000  0.236035  0.991921    0.010693    0.026505
GC Util     0.236035  1.000000  0.236952    0.141321    0.024035
heapSize    0.991921  0.236952  1.000000    0.014705    0.020092
numThreads  0.010693  0.141321  0.014705    1.000000   -0.001071
GCInterval  0.026505  0.024035  0.020092   -0.001071    1.000000
R Means Squared
57.588882307649484
