
GC Util
26.820125786163523
5565
156.0
0.0
0.0
38.073840781950004
-196.1959343080585
0.0
heapSize
233.50065049415994
5565
373.44
100.0
232.81
78.46483652910645
numThreads
71.07816711590297
5565
100.0
25.0
100.0
36.50896553692899
GCInterval
99.98203054806828
5565
100
0
100.0
1.3405018437777731
Correlation
                Time   GC Util  heapSize  numThreads  GCInterval
Time        1.000000  0.050130  0.993202   -0.016513    0.030883
GC Util     0.050130  1.000000  0.053718    0.328057    0.009445
heapSize    0.993202  0.053718  1.000000   -0.013579    0.022811
numThreads -0.016513  0.328057 -0.013579    1.000000   -0.010621
GCInterval  0.030883  0.009445  0.022811   -0.010621    1.000000
R Means Squared
38.67649130072595
