
GC Util
23.329543410211205
27793
3857.0
0.0
12.0
75.04980132962811
19.917987131902642
5.487527834030524e-88
heapSize
327.84012593098987
27793
460.94
100.0
383.59
106.18296677274849
numThreads
98.42406361313999
27793
100.0
25.0
100.0
10.757128659958084
GCInterval
99.1011531680639
27793
121.25
0.0
103.65
20.10819947832499
Correlation
                Time   GC Util  heapSize  numThreads  GCInterval
Time        1.000000 -0.121081  0.771590   -0.045438    0.252895
GC Util    -0.121081  1.000000 -0.084863    0.003692   -0.359824
heapSize    0.771590 -0.084863  1.000000   -0.017025    0.156492
numThreads -0.045438  0.003692 -0.017025    1.000000   -0.002292
GCInterval  0.252895 -0.359824  0.156492   -0.002292    1.000000
R Means Squared
75.1222728688185
