
GC Util
21.252421182773542
4853
296.0
0.0
17.0
22.35015959620663
-4.523268745098821
6.162037716990597e-06
heapSize
274.95541726766953
4853
767.19
100.0
258.59
173.86020249155342
numThreads
99.35091695858232
4853
100.0
25.0
100.0
6.947651812583156
GCInterval
96.7863486503194
4853
124.85
0.0
102.05
20.8167271699871
Correlation
                Time   GC Util  heapSize  numThreads  GCInterval
Time        1.000000  0.008162  0.939605   -0.009143    0.067308
GC Util     0.008162  1.000000  0.012309   -0.002926   -0.176646
heapSize    0.939605  0.012309  1.000000    0.001356    0.011219
numThreads -0.009143 -0.002926  0.001356    1.000000   -0.014351
GCInterval  0.067308 -0.176646  0.011219   -0.014351    1.000000
R Means Squared
22.38292341637944
