
GC Util
8.862668058198784
16289
104.0
0.0
11.0
10.162958173621925
-467.930960702461
0.0
heapSize
495.29129105531337
16289
892.19
100.0
495.31
229.60210550529573
numThreads
87.97347903493154
16289
100.0
25.0
100.0
27.520871414126255
GCInterval
99.99386088771564
16289
100
0
100.0
0.783524874165695
Correlation
                Time   GC Util  heapSize  numThreads  GCInterval
Time        1.000000 -0.200065  0.992852    0.065457    0.016407
GC Util    -0.200065  1.000000 -0.209348    0.271958    0.006833
heapSize    0.992852 -0.209348  1.000000    0.072487    0.013490
numThreads  0.065457  0.271958  0.072487    1.000000   -0.003424
GCInterval  0.016407  0.006833  0.013490   -0.003424    1.000000
R Means Squared
15.07711977780906
