
GC Util
58.7983367983368
481
162.0
0.0
40.0
36.75684286262896
-2.2488107821706844
0.024700360339746135
heapSize
114.18910602910603
481
130.47
100.0
114.06
9.907917595244275
numThreads
96.56964656964657
481
100.0
25.0
100.0
15.685045746925958
GCInterval
99.79209979209979
481
100
0
100.0
4.55960752587553
Correlation
                Time   GC Util  heapSize  numThreads  GCInterval
Time        1.000000  0.530172  0.788637   -0.012648    0.129336
GC Util     0.530172  1.000000  0.390276    0.125633    0.073090
heapSize    0.788637  0.390276  1.000000   -0.011361    0.065434
numThreads -0.012648  0.125633 -0.011361    1.000000   -0.009993
GCInterval  0.129336  0.073090  0.065434   -0.009993    1.000000
R Means Squared
53.41879414183334
