
GC Util
50.07145455868442
13743
166.0
0.0
49.0
27.815212737702982
-62.94661001154422
0.0
heapSize
554.36994251619
13743
982.81
100.0
557.03
246.6597514040979
numThreads
99.95634141017246
13743
100.0
25.0
100.0
1.8090677992525577
GCInterval
99.99272356836208
13743
100
0
100.0
0.8530200254346181
Correlation
                Time   GC Util  heapSize  numThreads  GCInterval
Time        1.000000  0.653854  0.979514    0.002241    0.011333
GC Util     0.653854  1.000000  0.614746    0.028262    0.015357
heapSize    0.979514  0.614746  1.000000    0.002224    0.015715
numThreads  0.002241  0.028262  0.002224    1.000000   -0.000206
GCInterval  0.011333  0.015357  0.015715   -0.000206    1.000000
R Means Squared
40.96244795152597
