
GC Util
2.0057836899942165
1729
105.0
0.0
0.0
8.833855532360083
-4.0032188893602125
6.37737627179531e-05
heapSize
100.63662232504338
1729
108.59
100.0
100.0
1.5627498086191753
numThreads
99.73973395026026
1729
100.0
25.0
100.0
4.411742556278674
GCInterval
105.37186234817814
1729
114.45
0.0
107.65
14.955025334532337
Correlation
                Time   GC Util  heapSize  numThreads  GCInterval
Time        1.000000 -0.095413  0.528474   -0.006622    0.323946
GC Util    -0.095413  1.000000  0.006251   -0.109101   -0.049554
heapSize    0.528474  0.006251  1.000000   -0.005416    0.057386
numThreads -0.006622 -0.109101 -0.005416    1.000000    0.008901
GCInterval  0.323946 -0.049554  0.057386    0.008901    1.000000
R Means Squared
20.044542648666653
