
GC Util
37.953177257525084
299
110.0
0.0
30.0
30.56642807241399
-21.030820637020252
2.0583124637816822e-76
heapSize
112.77645484949834
299
131.25
100.0
111.72
9.994348107862889
numThreads
99.49832775919732
299
100.0
25.0
100.0
6.123655629446545
GCInterval
99.66555183946488
299
100
0
100.0
5.783149319662403
Correlation
                Time   GC Util  heapSize  numThreads  GCInterval
Time        1.000000  0.481763  0.989620    0.051519    0.069360
GC Util     0.481763  1.000000  0.491011    0.037523    0.072048
heapSize    0.989620  0.491011  1.000000    0.040847    0.074178
numThreads  0.051519  0.037523  0.040847    1.000000   -0.004754
GCInterval  0.069360  0.072048  0.074178   -0.004754    1.000000
R Means Squared
35.40477831817617
