
GC Util
68.23959390862944
6895
160.0
0.0
77.0
27.98277525350471
-192.56453149459549
0.0
heapSize
514.8884902102974
6895
943.75
100.0
514.06
242.97653290504473
numThreads
99.30384336475707
6895
100.0
25.0
100.0
7.192677998498421
GCInterval
99.98549673676577
6895
100
0
100.0
1.2042949486827426
Correlation
                Time   GC Util  heapSize  numThreads  GCInterval
Time        1.000000  0.156310  0.995049   -0.000062    0.022466
GC Util     0.156310  1.000000  0.160112    0.153038    0.029373
heapSize    0.995049  0.160112  1.000000   -0.001665    0.020567
numThreads -0.000062  0.153038 -0.001665    1.000000   -0.001166
GCInterval  0.022466  0.029373  0.020567   -0.001166    1.000000
R Means Squared
55.76719972911735
