
GC Util
68.9862997449736
16861
166.0
0.0
80.0
29.40519058613538
-98.87214578442325
0.0
heapSize
426.70799122234746
16861
739.84
100.0
428.12
179.75326058711715
numThreads
98.54990807188186
16861
100.0
25.0
100.0
10.327654810095249
GCInterval
99.99406915366824
16861
100
0
100.0
0.7701198823411551
Correlation
                Time   GC Util  heapSize  numThreads  GCInterval
Time        1.000000 -0.002020  0.976294   -0.005013    0.018003
GC Util    -0.002020  1.000000  0.002404    0.205710    0.018069
heapSize    0.976294  0.002404  1.000000   -0.005196    0.013998
numThreads -0.005013  0.205710 -0.005196    1.000000   -0.001081
GCInterval  0.018003  0.018069  0.013998   -0.001081    1.000000
R Means Squared
57.13380360299031
