
GC Util
16.879238548483045
1681
112.0
0.0
3.0
28.235136054059932
-124.03261303208951
0.0
heapSize
138.79192147531234
1681
184.38
100.0
139.06
23.838683739600373
numThreads
79.65496728138014
1681
100.0
25.0
100.0
33.35594365026305
GCInterval
99.94051160023795
1681
100
0
100.0
2.4390243902439037
Correlation
                Time   GC Util  heapSize  numThreads  GCInterval
Time        1.000000  0.006246  0.977128   -0.121550    0.030924
GC Util     0.006246  1.000000  0.018109   -0.134575    0.014589
heapSize    0.977128  0.018109  1.000000   -0.142727    0.039713
numThreads -0.121550 -0.134575 -0.142727    1.000000   -0.014885
GCInterval  0.030924  0.014589  0.039713   -0.014885    1.000000
R Means Squared
28.39872893067661
