
GC Util
15.592932644086105
12961
118.0
0.0
12.0
11.390895191270218
-402.0956217279593
0.0
heapSize
571.0631833963429
12961
1044.53
100.0
571.09
274.03626958474086
numThreads
99.8379754648561
12961
100.0
25.0
100.0
3.4823158676627477
GCInterval
99.99228454594552
12961
100
0
100.0
0.8783765738264598
Correlation
                Time   GC Util  heapSize  numThreads  GCInterval
Time        1.000000 -0.347461  0.989198    0.039596    0.018615
GC Util    -0.347461  1.000000 -0.361708   -0.028507    0.012025
heapSize    0.989198 -0.361708  1.000000    0.043630    0.015100
numThreads  0.039596 -0.028507  0.043630    1.000000   -0.000409
GCInterval  0.018615  0.012025  0.015100   -0.000409    1.000000
R Means Squared
12.213301148504566
