
GC Util
30.544868844914863
2173
131.0
0.0
20.0
30.704533196061444
-69.20313952500679
0.0
heapSize
226.74372756557753
2173
361.72
100.0
225.0
76.54281932815717
numThreads
99.72388403129314
2173
100.0
25.0
100.0
4.543342042453094
GCInterval
99.95398067188219
2173
100
0
100.0
2.1452116007007205
Correlation
                Time   GC Util  heapSize  numThreads  GCInterval
Time        1.000000 -0.357566  0.975850   -0.016412    0.035471
GC Util    -0.357566  1.000000 -0.333582    0.012960    0.021350
heapSize    0.975850 -0.333582  1.000000   -0.010250    0.035538
numThreads -0.016412  0.012960 -0.010250    1.000000   -0.001304
GCInterval  0.035471  0.021350  0.035538   -0.001304    1.000000
R Means Squared
32.45810780190481
