
GC Util
68.55486318070983
3691
150.0
0.0
79.0
28.545383635275765
-130.56170065006404
0.0
heapSize
319.40616635058257
3691
557.03
100.0
318.75
130.14146483788363
numThreads
99.51232728257925
3691
100.0
25.0
100.0
6.028886856063016
GCInterval
99.9729070712544
3691
100
0
100.0
1.64599297524617
Correlation
                Time   GC Util  heapSize  numThreads  GCInterval
Time        1.000000  0.172956  0.991202   -0.031275    0.037072
GC Util     0.172956  1.000000  0.165292    0.126290    0.039541
heapSize    0.991202  0.165292  1.000000   -0.029342    0.027757
numThreads -0.031275  0.126290 -0.029342    1.000000   -0.001332
GCInterval  0.037072  0.039541  0.027757   -0.001332    1.000000
R Means Squared
56.32222386991363
