
GC Util
10.193508879363135
1633
93.0
0.0
6.0
13.754162720909642
2.164217222752711
0.030521540040382232
heapSize
100.39976729944887
1633
104.69
100.0
100.0
1.0628880236032552
numThreads
99.8162890385793
1633
100.0
25.0
100.0
3.7085029740533266
GCInterval
106.26083894672382
1633
127.25
0.0
108.85
18.344368779032145
Correlation
                Time   GC Util  heapSize  numThreads  GCInterval
Time        1.000000 -0.141385  0.319592    0.034780    0.232443
GC Util    -0.141385  1.000000  0.036919   -0.037143   -0.208962
heapSize    0.319592  0.036919  1.000000    0.018643    0.012635
numThreads  0.034780 -0.037143  0.018643    1.000000    0.017863
GCInterval  0.232443 -0.208962  0.012635    0.017863    1.000000
R Means Squared
16.88870669891668
