
GC Util
4.066043138003436
5239
234.0
0.0
0.0
15.555411239763288
-2.519607683850772
0.011765403906193949
heapSize
127.74376789463639
5239
165.62
100.0
130.47
14.5201931571411
numThreads
99.42737163580836
5239
100.0
25.0
100.0
6.528963211426143
GCInterval
104.83341286505058
5239
114.45
0.0
107.65
12.421025692860091
Correlation
                Time   GC Util  heapSize  numThreads  GCInterval
Time        1.000000 -0.234264  0.615710    0.063263    0.299036
GC Util    -0.234264  1.000000 -0.222730   -0.055457   -0.209030
heapSize    0.615710 -0.222730  1.000000    0.041120    0.189929
numThreads  0.063263 -0.055457  0.041120    1.000000    0.031593
GCInterval  0.299036 -0.209030  0.189929    0.031593    1.000000
R Means Squared
22.26691747114383
