
GC Util
42.69865913902611
1417
116.0
0.0
36.0
35.67057697543094
-96.20671375568169
0.0
heapSize
148.54228652081864
1417
207.81
100.0
149.22
30.18829155296428
numThreads
99.78828510938602
1417
100.0
25.0
100.0
3.9805747899980757
GCInterval
99.92942836979535
1417
100
0
100.0
2.6565321418092753
Correlation
                Time   GC Util  heapSize  numThreads  GCInterval
Time        1.000000  0.236044  0.972644    0.020496    0.032578
GC Util     0.236044  1.000000  0.278887    0.029393    0.031822
heapSize    0.972644  0.278887  1.000000    0.015334    0.042747
numThreads  0.020496  0.029393  0.015334    1.000000   -0.001414
GCInterval  0.032578  0.031822  0.042747   -0.001414    1.000000
R Means Squared
42.26962552543719
