
GC Util
45.44957116491152
9211
143.0
0.0
47.0
22.776841501264727
-400.9730002166379
0.0
heapSize
433.7371642601238
9211
770.31
100.0
432.81
194.7457745080591
numThreads
99.46259906633374
9211
100.0
25.0
100.0
6.3261848797969495
GCInterval
99.9891434154815
9211
100
0
100.0
1.0419493518645941
Correlation
                Time   GC Util  heapSize  numThreads  GCInterval
Time        1.000000  0.351189  0.980144   -0.123433    0.013479
GC Util     0.351189  1.000000  0.366377    0.085546    0.020794
heapSize    0.980144  0.366377  1.000000   -0.111324    0.017858
numThreads -0.123433  0.085546 -0.111324    1.000000   -0.000885
GCInterval  0.013479  0.020794  0.017858   -0.000885    1.000000
R Means Squared
34.152728426481055
