
GC Util
62.558215010141986
2465
153.0
0.0
76.0
29.417849351182724
-130.66997618547532
0.0
heapSize
186.71402839756593
2465
275.78
100.0
186.72
52.070404156303766
numThreads
98.41784989858012
2465
100.0
25.0
100.0
10.77985160994021
GCInterval
99.95943204868153
2465
100
0
100.0
2.0141487362769013
Correlation
                Time   GC Util  heapSize  numThreads  GCInterval
Time        1.000000  0.415301  0.993421    0.151296    0.034935
GC Util     0.415301  1.000000  0.412070    0.199552    0.042849
heapSize    0.993421  0.412070  1.000000    0.160379    0.033556
numThreads  0.151296  0.199552  0.160379    1.000000   -0.002957
GCInterval  0.034935  0.042849  0.033556   -0.002957    1.000000
R Means Squared
51.73258592267996
