
GC Util
69.49172221027736
4651
153.0
0.0
80.0
29.66697027018176
-143.51609855734247
0.0
heapSize
266.78165985809505
4651
444.53
100.0
266.41
98.36656987615898
numThreads
99.22597290905182
4651
100.0
25.0
100.0
7.5805850268263155
GCInterval
99.97849924747366
4651
100
0
100.0
1.4663134905721367
Correlation
                Time   GC Util  heapSize  numThreads  GCInterval
Time        1.000000  0.188713  0.987902   -0.020505    0.033165
GC Util     0.188713  1.000000  0.178262    0.161625    0.034354
heapSize    0.987902  0.178262  1.000000   -0.018167    0.024867
numThreads -0.020505  0.161625 -0.018167    1.000000   -0.001498
GCInterval  0.033165  0.034354  0.024867   -0.001498    1.000000
R Means Squared
57.700697205198736
