
GC Util
4.905328268675924
48177
208.0
0.0
4.0
6.674417547472124
0.5545726465998119
0.5791883631188759
heapSize
202.4323685576105
48177
250.0
100.0
213.28
32.5804439269696
numThreads
99.9844324055047
48177
100.0
25.0
100.0
1.0804404044746747
GCInterval
113.78249268323057
48177
130.85
0.0
114.05
11.041038197189831
Correlation
                Time   GC Util  heapSize  numThreads  GCInterval
Time        1.000000 -0.211212  0.712547    0.021458    0.161660
GC Util    -0.211212  1.000000 -0.244659   -0.008408   -0.187075
heapSize    0.712547 -0.244659  1.000000    0.036940    0.192194
numThreads  0.021458 -0.008408  0.036940    1.000000    0.020323
GCInterval  0.161660 -0.187075  0.192194    0.020323    1.000000
R Means Squared
16.504424849232414
