
GC Util
45.52156463738624
17691
150.0
0.0
47.0
22.665773365473186
-77.62411594113983
0.0
heapSize
444.1106099146459
17691
772.66
100.0
444.53
189.43764990593473
numThreads
99.63540783449211
17691
100.0
25.0
100.0
5.2166103177289775
GCInterval
99.9943474082867
17691
100
0
100.0
0.7518371973572835
Correlation
                Time   GC Util  heapSize  numThreads  GCInterval
Time        1.000000  0.389352  0.958159   -0.085009    0.010546
GC Util     0.389352  1.000000  0.386886    0.069808    0.015101
heapSize    0.958159  0.386886  1.000000   -0.075328    0.013658
numThreads -0.085009  0.069808 -0.075328    1.000000   -0.000525
GCInterval  0.010546  0.015101  0.013658   -0.000525    1.000000
R Means Squared
34.13295334898861
