
GC Util
21.375455650060754
5761
153.0
0.0
13.0
20.201334223628468
-168.73703332780428
0.0
heapSize
307.3988821385176
5761
517.19
100.0
306.25
121.79128167176077
numThreads
98.56795695191806
5761
100.0
25.0
100.0
10.265026628115697
GCInterval
99.9826419024475
5761
100
0
100.0
1.3175013302652965
Correlation
                Time   GC Util  heapSize  numThreads  GCInterval
Time        1.000000 -0.173211  0.629145    0.074411    0.092070
GC Util    -0.173211  1.000000 -0.422355   -0.027295    0.013943
heapSize    0.629145 -0.422355  1.000000    0.154417    0.022440
numThreads  0.074411 -0.027295  0.154417    1.000000   -0.001838
GCInterval  0.092070  0.013943  0.022440   -0.001838    1.000000
R Means Squared
20.246356346809485
