
GC Util
10.757337742868954
2419
827.0
0.0
4.0
34.00604819736141
2.5010609364623204
0.012413868097058448
heapSize
104.63829681686647
2419
133.59
100.0
100.0
9.001572268300771
numThreads
98.88383629599008
2419
100.0
25.0
100.0
9.082981978449181
GCInterval
102.35074410913602
2419
114.45
0.0
104.45
14.739619493757715
Correlation
                Time   GC Util  heapSize  numThreads  GCInterval
Time        1.000000  0.044407  0.235965    0.081267    0.311373
GC Util     0.044407  1.000000  0.086214   -0.029597   -0.186884
heapSize    0.235965  0.086214  1.000000   -0.011344   -0.048978
numThreads  0.081267 -0.029597 -0.011344    1.000000    0.075071
GCInterval  0.311373 -0.186884 -0.048978    0.075071    1.000000
R Means Squared
35.23294007236743
