
GC Util
44.0790273556231
329
106.0
0.0
30.0
33.29707126983753
-19.314352769085414
2.0886508756495124e-67
heapSize
108.89069908814588
329
121.09
100.0
109.38
6.88916751741141
numThreads
98.17629179331307
329
100.0
25.0
100.0
11.569748067854437
GCInterval
99.69604863221885
329
100
0
100.0
5.513178464199713
Correlation
                Time   GC Util  heapSize  numThreads  GCInterval
Time        1.000000  0.453879  0.847958   -0.066371    0.125680
GC Util     0.453879  1.000000  0.333278    0.089408    0.073207
heapSize    0.847958  0.333278  1.000000   -0.064933    0.071366
numThreads -0.066371  0.089408 -0.064933    1.000000   -0.008717
GCInterval  0.125680  0.073207  0.071366   -0.008717    1.000000
R Means Squared
41.05026942738367
