
GC Util
3.4750656167979
1143
107.0
0.0
0.0
9.600653043046531
-3.474545919653712
0.0005211042178119695
heapSize
100.5067716535433
1143
107.03
100.0
100.0
1.1620041218346642
numThreads
99.60629921259843
1143
100.0
25.0
100.0
5.422017984498836
GCInterval
104.87895888013998
1143
121.25
0.0
107.65
19.863245380380693
Correlation
                Time   GC Util  heapSize  numThreads  GCInterval
Time        1.000000 -0.139068  0.682119    0.015139    0.133799
GC Util    -0.139068  1.000000  0.050662   -0.089765   -0.156934
heapSize    0.682119  0.050662  1.000000   -0.017088   -0.061440
numThreads  0.015139 -0.089765 -0.017088    1.000000    0.141578
GCInterval  0.133799 -0.156934 -0.061440    0.141578    1.000000
R Means Squared
19.109300205154263
