
GC Util
65.60842228395964
6839
162.0
0.0
76.0
30.423517699322687
-56.87997809787299
0.0
heapSize
336.5979792367305
6839
560.94
100.0
338.28
124.46941229638543
numThreads
99.64907150168153
6839
100.0
25.0
100.0
5.118624578813086
GCInterval
99.98537797923673
6839
100
0
100.0
1.2092154796920804
Correlation
                Time   GC Util  heapSize  numThreads  GCInterval
Time        1.000000  0.182401  0.993395    0.015295    0.030055
GC Util     0.182401  1.000000  0.176477    0.087298    0.026081
heapSize    0.993395  0.176477  1.000000    0.016287    0.022989
numThreads  0.015295  0.087298  0.016287    1.000000   -0.000829
GCInterval  0.030055  0.026081  0.022989   -0.000829    1.000000
R Means Squared
54.82320012921762
