
GC Util
31.972651080723423
11335
3029.0
0.0
10.0
105.26766974786044
14.641814357125172
2.655661156900105e-48
heapSize
238.34954036171152
11335
412.5
100.0
201.56
119.55776799438105
numThreads
99.68239964711071
11335
100.0
25.0
100.0
4.870446511993183
GCInterval
94.0227128363476
11335
131.65
0.0
104.85
32.32144965399975
Correlation
                Time   GC Util  heapSize  numThreads  GCInterval
Time        1.000000 -0.051751  0.876327    0.022710    0.173523
GC Util    -0.051751  1.000000 -0.007482    0.007804   -0.348987
heapSize    0.876327 -0.007482  1.000000    0.031128    0.051630
numThreads  0.022710  0.007804  0.031128    1.000000    0.004653
GCInterval  0.173523 -0.348987  0.051630    0.004653    1.000000
R Means Squared
105.94172479061334
