
GC Util
63.33471933471934
481
135.0
0.0
47.0
36.8546443869672
-0.9498773359172304
0.34236057608510106
heapSize
114.18910602910603
481
130.47
100.0
114.06
9.907917595244275
numThreads
98.75259875259876
481
100.0
25.0
100.0
9.601601347730929
GCInterval
99.79209979209979
481
100
0
100.0
4.559607525875531
Correlation
                Time   GC Util  heapSize  numThreads  GCInterval
Time        1.000000  0.521102  0.867537   -0.045299    0.123104
GC Util     0.521102  1.000000  0.322118    0.096558    0.078520
heapSize    0.867537  0.322118  1.000000   -0.021462    0.065434
numThreads -0.045299  0.096558 -0.021462    1.000000   -0.005936
GCInterval  0.123104  0.078520  0.065434   -0.005936    1.000000
R Means Squared
56.86245578005647
