
GC Util
15.712824260138838
24633
121.0
0.0
11.0
14.197584007060978
-157.8144917535379
0.0
heapSize
585.5135363130759
24633
1044.53
100.0
589.84
268.77707816942967
numThreads
99.48849104859335
24633
100.0
25.0
100.0
6.172768971755959
GCInterval
99.99594040514756
24633
100
0
100.0
0.6371494999161281
Correlation
                Time   GC Util  heapSize  numThreads  GCInterval
Time        1.000000 -0.051991  0.308141    0.041902    0.018780
GC Util    -0.051991  1.000000 -0.370003   -0.064144    0.007052
heapSize    0.308141 -0.370003  1.000000    0.104339    0.011510
numThreads  0.041902 -0.064144  0.104339    1.000000   -0.000528
GCInterval  0.018780  0.007052  0.011510   -0.000528    1.000000
R Means Squared
14.830478228302987
