
GC Util
10.971061093247588
1555
93.0
0.0
6.0
14.358386213807679
3.62071740178888
0.0002984645714837073
heapSize
100.45144694533762
1555
101.56
100.0
100.0
0.7076545287277916
numThreads
99.80707395498392
1555
100.0
25.0
100.0
3.8002000037537123
GCInterval
102.27681672025723
1555
118.45
0.0
105.65
17.84767678882986
Correlation
                Time   GC Util  heapSize  numThreads  GCInterval
Time        1.000000 -0.302209  0.157577   -0.006191    0.508314
GC Util    -0.302209  1.000000  0.007017   -0.040789   -0.190764
heapSize    0.157577  0.007017  1.000000    0.032408    0.106596
numThreads -0.006191 -0.040789  0.032408    1.000000   -0.005616
GCInterval  0.508314 -0.190764  0.106596   -0.005616    1.000000
R Means Squared
16.95737042042671
