
GC Util
63.0852206397385
4283
147.0
0.0
75.0
27.956519813970825
-28.759929909404285
7.6123548910223804e-177
heapSize
194.58293719355592
4283
275.78
100.0
196.09
48.348919152798395
numThreads
97.96871351856176
4283
100.0
25.0
100.0
12.176000003639285
GCInterval
99.9766518795237
4283
100
0
100.0
1.5280091778618887
Correlation
                Time   GC Util  heapSize  numThreads  GCInterval
Time        1.000000  0.327333  0.987359    0.046759    0.039752
GC Util     0.327333  1.000000  0.322678    0.227219    0.034488
heapSize    0.987359  0.322678  1.000000    0.037743    0.029899
numThreads  0.046759  0.227219  0.037743    1.000000   -0.002550
GCInterval  0.039752  0.034488  0.029899   -0.002550    1.000000
R Means Squared
51.358745666917365
