
GC Util
23.520567375886525
705
117.0
0.0
26.0
19.09827870981119
-45.24032918133692
1.7632934334245783e-284
heapSize
114.89339007092198
705
131.25
100.0
114.06
9.81635659575171
numThreads
88.72340425531915
705
100.0
25.0
100.0
26.825431661934715
GCInterval
99.8581560283688
705
100
0
100.0
3.7662178857735467
Correlation
                Time   GC Util  heapSize  numThreads  GCInterval
Time        1.000000  0.033481  0.776939   -0.092752    0.102357
GC Util     0.033481  1.000000 -0.029105    0.092157    0.046449
heapSize    0.776939 -0.029105  1.000000    0.001497    0.057222
numThreads -0.092752  0.092157  0.001497    1.000000   -0.015855
GCInterval  0.102357  0.046449  0.057222   -0.015855    1.000000
R Means Squared
19.406732764577985
