
GC Util
25.29794933655006
829
114.0
0.0
27.0
17.289360559122013
-13.489251925044302
2.0293396113335524e-39
heapSize
116.58595898673101
829
131.25
100.0
117.19
9.97518557469101
numThreads
87.33413751507841
829
100.0
25.0
100.0
28.11528294637953
GCInterval
99.87937273823884
829
100
0
100.0
3.473143558235938
Correlation
                Time   GC Util  heapSize  numThreads  GCInterval
Time        1.000000  0.032355  0.778246   -0.152692    0.102541
GC Util     0.032355  1.000000 -0.182340    0.080819    0.050881
heapSize    0.778246 -0.182340  1.000000   -0.195737    0.057818
numThreads -0.152692  0.080819 -0.195737    1.000000   -0.015665
GCInterval  0.102541  0.050881  0.057818   -0.015665    1.000000
R Means Squared
18.072898890504348
