
GC Util
22.60094375717383
7841
663.0
0.0
15.0
29.85439656076083
-2.0526862326976754
0.04012027210401235
heapSize
501.68033924244355
7841
1217.97
100.0
465.62
333.68048453185037
numThreads
98.96696849891596
7841
100.0
25.0
100.0
8.741850759372133
GCInterval
96.24016707052671
7841
115.25
0.0
102.05
19.25221418117137
Correlation
                Time   GC Util  heapSize  numThreads  GCInterval
Time        1.000000 -0.145564  0.968605    0.046268    0.192318
GC Util    -0.145564  1.000000 -0.132725    0.007951   -0.147118
heapSize    0.968605 -0.132725  1.000000    0.050126    0.160351
numThreads  0.046268  0.007951  0.050126    1.000000   -0.003516
GCInterval  0.192318 -0.147118  0.160351   -0.003516    1.000000
R Means Squared
29.96558413619514
