
GC Util
3.8744551002615517
1147
110.0
0.0
0.0
11.621049743911655
-2.7146454303966743
0.006683694865784809
heapSize
100.64064516129032
1147
105.47
100.0
100.0
1.4660180193187946
numThreads
100.0
1147
100.0
100.0
100.0
0.0
GCInterval
107.92122929380993
1147
131.65
0.0
110.85
23.09725446174857
Correlation
                Time   GC Util  heapSize  numThreads  GCInterval
Time        1.000000 -0.062793  0.702687         NaN    0.079952
GC Util    -0.062793  1.000000  0.173698         NaN   -0.122854
heapSize    0.702687  0.173698  1.000000         NaN   -0.195686
numThreads       NaN       NaN       NaN         NaN         NaN
GCInterval  0.079952 -0.122854 -0.195686         NaN    1.000000
R Means Squared
19.873707620299687
