
GC Util
32.48349707473231
9059
3191.0
0.0
8.0
116.91017771629477
13.594881570748669
6.851687956541505e-42
heapSize
260.86989513191304
9059
467.97
100.0
209.38
138.4480826909312
numThreads
94.71796003973948
9059
100.0
25.0
100.0
19.190979805222835
GCInterval
97.34770394083232
9059
107.65
0.0
101.65
13.609750667463056
Correlation
                Time   GC Util  heapSize  numThreads  GCInterval
Time        1.000000 -0.027803  0.881767    0.038694    0.109120
GC Util    -0.027803  1.000000  0.024467   -0.062515   -0.290839
heapSize    0.881767  0.024467  1.000000   -0.031721   -0.032665
numThreads  0.038694 -0.062515 -0.031721    1.000000    0.178237
GCInterval  0.109120 -0.290839 -0.032665    0.178237    1.000000
R Means Squared
117.56835704478274
