
GC Util
48.93567251461988
513
133.0
0.0
35.0
29.061185359815312
-10.918089625623416
1.0795774798606892e-26
heapSize
125.58502923976607
513
154.69
100.0
123.44
17.667471888716744
numThreads
99.70760233918129
513
100.0
25.0
100.0
4.678353649822447
GCInterval
99.80506822612085
513
100
0
100.0
4.4151078568834805
Correlation
                Time   GC Util  heapSize  numThreads  GCInterval
Time        1.000000  0.573034  0.915461   -0.045406    0.101675
GC Util     0.573034  1.000000  0.533587    0.053732    0.074491
heapSize    0.915461  0.533587  1.000000   -0.061621    0.064062
numThreads -0.045406  0.053732 -0.061621    1.000000   -0.002765
GCInterval  0.101675  0.074491  0.064062   -0.002765    1.000000
R Means Squared
40.98999069568043
