
GC Util
5.261261261261262
53391
374.0
0.0
4.0
6.843777128478045
5.842377377976125
5.16257862009121e-09
heapSize
194.43619673727784
53391
251.56
100.0
202.34
26.2583469778786
numThreads
99.93819183008372
53391
100.0
25.0
100.0
2.1521801150892683
GCInterval
109.15081287108313
53391
120.05
0.0
109.25
7.774263903536572
Correlation
                Time   GC Util  heapSize  numThreads  GCInterval
Time        1.000000 -0.197091  0.798000    0.033528    0.150524
GC Util    -0.197091  1.000000 -0.259261   -0.041440   -0.160767
heapSize    0.798000 -0.259261  1.000000    0.062778    0.203078
numThreads  0.033528 -0.041440  0.062778    1.000000    0.061427
GCInterval  0.150524 -0.160767  0.203078    0.061427    1.000000
R Means Squared
16.250133160762203
