
GC Util
13.576337229897272
2823
1063.0
0.0
4.0
52.85289514898574
4.327432525204929
1.535751395077499e-05
heapSize
102.25883811547997
2823
126.56
100.0
100.0
5.342042970651784
numThreads
98.45908607863974
2823
100.0
25.0
100.0
10.641157817788292
GCInterval
100.21857952532768
2823
107.65
0.0
102.45
13.412294543964231
Correlation
                Time   GC Util  heapSize  numThreads  GCInterval
Time        1.000000  0.086950  0.347726   -0.082553    0.177232
GC Util     0.086950  1.000000  0.031707   -0.113722   -0.165383
heapSize    0.347726  0.031707  1.000000   -0.149856    0.003631
numThreads -0.082553 -0.113722 -0.149856    1.000000    0.063122
GCInterval  0.177232 -0.165383  0.003631    0.063122    1.000000
R Means Squared
53.23253182226343
