
GC Util
31.68486739469579
641
118.0
0.0
30.0
13.818824525676954
-40.56092221935499
7.404189471977364e-242
heapSize
120.0077379095164
641
142.19
100.0
118.75
13.353365120118646
numThreads
97.19188767550702
641
100.0
25.0
100.0
14.249199419173117
GCInterval
99.84399375975039
641
100
0
100.0
3.949762527666822
Correlation
                Time   GC Util  heapSize  numThreads  GCInterval
Time        1.000000  0.318210  0.761021   -0.111938    0.109974
GC Util     0.318210  1.000000  0.257855    0.109766    0.090705
heapSize    0.761021  0.257855  1.000000   -0.114182    0.059273
numThreads -0.111938  0.109766 -0.114182    1.000000   -0.007796
GCInterval  0.109974  0.090705  0.059273   -0.007796    1.000000
R Means Squared
18.08861874011161
