
GC Util
46.962769998914574
9213
145.0
0.0
49.0
22.858786581545335
-396.92063746523894
0.0
heapSize
433.81073917290786
9213
772.66
100.0
432.81
194.7886448831927
numThreads
99.3650276782807
9213
100.0
25.0
100.0
6.872034645828199
GCInterval
99.9891457722783
9213
100
0
100.0
1.041836250170707
Correlation
                Time   GC Util  heapSize  numThreads  GCInterval
Time        1.000000  0.387817  0.978895   -0.141699    0.014085
GC Util     0.387817  1.000000  0.397024    0.091690    0.021407
heapSize    0.978895  0.397024  1.000000   -0.118386    0.017856
numThreads -0.141699  0.091690 -0.118386    1.000000   -0.000963
GCInterval  0.014085  0.021407  0.017856   -0.000963    1.000000
R Means Squared
35.3476784815734
