
GC Util
2.7632263660017347
1153
99.0
0.0
0.0
8.914250100782693
-4.696754470683783
2.796908184319083e-06
heapSize
100.51032090199479
1153
107.03
100.0
100.0
1.192730142182803
numThreads
99.7398091934085
1153
100.0
25.0
100.0
4.41174477700718
GCInterval
102.79787510841282
1153
114.45
0.0
105.25
17.934034031530963
Correlation
                Time   GC Util  heapSize  numThreads  GCInterval
Time        1.000000 -0.074394  0.445369    0.020211    0.338696
GC Util    -0.074394  1.000000  0.051278    0.014987   -0.099936
heapSize    0.445369  0.051278  1.000000   -0.032647   -0.020301
numThreads  0.020211  0.014987 -0.032647    1.000000    0.012336
GCInterval  0.338696 -0.099936 -0.020301    0.012336    1.000000
R Means Squared
19.403641435411885
