
GC Util
24.08080808080808
99
75.0
0.0
30.0
19.457791455351092
-7.802966560131207
2.849496704552138e-13
heapSize
100.56727272727271
99
103.12
100.0
100.0
0.8174497652690387
numThreads
93.93939393939394
99
100.0
25.0
100.0
20.544535090332953
GCInterval
98.98989898989899
99
100
0
100.0
10.050378152592122
Correlation
                Time   GC Util  heapSize  numThreads  GCInterval
Time        1.000000  0.775858  0.740611   -0.273932    0.125900
GC Util     0.775858  1.000000  0.519502   -0.278273    0.125652
heapSize    0.740611  0.519502  1.000000   -0.219730    0.070457
numThreads -0.273932 -0.278273 -0.219730    1.000000   -0.029951
GCInterval  0.125900  0.125652  0.070457   -0.029951    1.000000
R Means Squared
19.784699730709672
