
GC Util
12.980126849894292
2365
197.0
0.0
7.0
17.881567350613548
-1.5780573667190652
0.11462113146086829
heapSize
115.13652431289641
2365
153.91
100.0
114.06
15.217801200005262
numThreads
98.92177589852008
2365
100.0
25.0
100.0
8.929611202942336
GCInterval
100.84978858350951
2365
119.65
0.0
104.05
17.718072318192863
Correlation
                Time   GC Util  heapSize  numThreads  GCInterval
Time        1.000000  0.046677  0.806562    0.061695    0.094861
GC Util     0.046677  1.000000  0.079614    0.015364   -0.083180
heapSize    0.806562  0.079614  1.000000    0.063247   -0.011837
numThreads  0.061695  0.015364  0.063247    1.000000    0.008581
GCInterval  0.094861 -0.083180 -0.011837    0.008581    1.000000
R Means Squared
19.20661003201179
