
GC Util
32.19831932773109
595
116.0
0.0
30.0
15.405768647110596
-8.968418159140777
9.273436138945228e-19
heapSize
129.6086386554622
595
162.5
100.0
127.34
19.776214797393475
numThreads
97.98319327731092
595
100.0
25.0
100.0
12.142520104970716
GCInterval
99.83193277310924
595
100
0
100.0
4.099600308453937
Correlation
                Time   GC Util  heapSize  numThreads  GCInterval
Time        1.000000  0.306093  0.754599   -0.078583    0.109392
GC Util     0.306093  1.000000  0.203454    0.035890    0.085827
heapSize    0.754599  0.203454  1.000000   -0.116498    0.061482
numThreads -0.078583  0.035890 -0.116498    1.000000   -0.006821
GCInterval  0.109392  0.085827  0.061482   -0.006821    1.000000
R Means Squared
19.640209141606675
