
GC Util
24.334023464458248
4347
120.0
0.0
12.0
26.99284474196931
-81.06529288271244
0.0
heapSize
208.73020473890037
4347
313.28
100.0
214.84
59.083976592989295
numThreads
99.72394755003451
4347
100.0
25.0
100.0
4.542298444992155
GCInterval
99.97699562916954
4347
100
0
100.0
1.5167191839776335
Correlation
                Time   GC Util  heapSize  numThreads  GCInterval
Time        1.000000 -0.368529  0.986217    0.081972    0.027219
GC Util    -0.368529  1.000000 -0.347195   -0.023175    0.013676
heapSize    0.986217 -0.347195  1.000000    0.088959    0.027918
numThreads  0.081972 -0.023175  0.088959    1.000000   -0.000922
GCInterval  0.027219  0.013676  0.027918   -0.000922    1.000000
R Means Squared
27.335504635265035
