
GC Util
14.528540794445012
9793
122.0
0.0
12.0
10.079475202014955
-354.614678639151
0.0
heapSize
691.7492086184009
9793
1287.5
100.0
689.84
345.08501751113215
numThreads
99.87746349433269
9793
100.0
25.0
100.0
3.0292176782054696
GCInterval
99.98978862452772
9793
100
0
100.0
1.0105135067022168
Correlation
                Time   GC Util  heapSize  numThreads  GCInterval
Time        1.000000 -0.316644  0.988606    0.060322    0.022121
GC Util    -0.316644  1.000000 -0.322614   -0.038015    0.014567
heapSize    0.988606 -0.322614  1.000000    0.061932    0.017330
numThreads  0.060322 -0.038015  0.061932    1.000000   -0.000409
GCInterval  0.022121  0.014567  0.017330   -0.000409    1.000000
R Means Squared
11.468317743043524
