
GC Util
20.704736129905278
11085
148.0
0.0
0.0
28.58846142117963
-498.75090959701083
0.0
heapSize
368.2425548037889
11085
639.06
100.0
368.75
156.24744638099446
numThreads
72.82814614343708
11085
100.0
25.0
100.0
36.051305738783476
GCInterval
99.99097880018043
11085
100
0
100.0
0.9497999694449354
Correlation
                Time   GC Util  heapSize  numThreads  GCInterval
Time        1.000000  0.170075  0.981687   -0.068665    0.012476
GC Util     0.170075  1.000000  0.166322    0.353476    0.006879
heapSize    0.981687  0.166322  1.000000   -0.068877    0.016307
numThreads -0.068665  0.353476 -0.068877    1.000000   -0.007159
GCInterval  0.012476  0.006879  0.016307   -0.007159    1.000000
R Means Squared
28.595857202845643
