
GC Util
66.90193385970935
8739
160.0
0.0
78.0
28.872041036984385
-216.63309539557204
0.0
heapSize
416.4574711065339
8739
739.84
100.0
416.41
184.77397789447514
numThreads
97.97459663577068
8739
100.0
25.0
100.0
12.15812109241092
GCInterval
99.98855704313995
8739
100
0
100.0
1.0697175730094668
Correlation
                Time   GC Util  heapSize  numThreads  GCInterval
Time        1.000000  0.052901  0.991756   -0.025272    0.021583
GC Util     0.052901  1.000000  0.057598    0.242482    0.024790
heapSize    0.991756  0.057598  1.000000   -0.026478    0.018323
numThreads -0.025272  0.242482 -0.026478    1.000000   -0.001782
GCInterval  0.021583  0.024790  0.018323   -0.001782    1.000000
R Means Squared
55.07531902344111
