
GC Util
2.156885531667635
1721
96.0
0.0
0.0
6.904903924126988
-3.8237417790678885
0.00013372092599664437
heapSize
100.44332364904125
1721
103.91
100.0
100.0
0.9402970178716441
numThreads
99.65136548518304
1721
100.0
25.0
100.0
5.1030553599249915
GCInterval
107.80891923300408
1721
121.25
0.0
110.45
16.98237356704882
Correlation
                Time   GC Util  heapSize  numThreads  GCInterval
Time        1.000000 -0.219075  0.762766    0.034729    0.200424
GC Util    -0.219075  1.000000 -0.031259   -0.156847   -0.291433
heapSize    0.762766 -0.031259  1.000000   -0.010300    0.030698
numThreads  0.034729 -0.156847 -0.010300    1.000000    0.178154
GCInterval  0.200424 -0.291433  0.030698    0.178154    1.000000
R Means Squared
19.13182502131294
