
GC Util
8.150537634408602
651
52.0
0.0
2.0
13.160035498656118
0.1081924626415677
0.9138599935732645
heapSize
100.31631336405529
651
101.56
100.0
100.0
0.6276941343260125
numThreads
99.76958525345623
651
100.0
25.0
100.0
4.153856000618523
GCInterval
102.5241935483871
651
128.85
0.0
106.05
24.50505823613418
Correlation
                Time   GC Util  heapSize  numThreads  GCInterval
Time        1.000000 -0.220677  0.294769    0.043256    0.458759
GC Util    -0.220677  1.000000 -0.011584    0.030186   -0.250841
heapSize    0.294769 -0.011584  1.000000    0.027996    0.185583
numThreads  0.043256  0.030186  0.027996    1.000000    0.011957
GCInterval  0.458759 -0.250841  0.185583    0.011957    1.000000
R Means Squared
17.701137283709
