
GC Util
66.08454566227435
13129
176.0
0.0
77.0
30.159137834752908
-92.0330805520535
0.0
heapSize
530.5140178231395
13129
947.66
100.0
529.69
234.1905949389471
numThreads
99.55442150963516
13129
100.0
25.0
100.0
5.763885585594788
GCInterval
99.99238327366898
13129
100
0
100.0
0.8727385823385446
Correlation
                Time   GC Util  heapSize  numThreads  GCInterval
Time        1.000000  0.191933  0.989096    0.012352    0.017303
GC Util     0.191933  1.000000  0.184120    0.101308    0.019125
heapSize    0.989096  0.184120  1.000000    0.007018    0.016045
numThreads  0.012352  0.101308  0.007018    1.000000   -0.000675
GCInterval  0.017303  0.019125  0.016045   -0.000675    1.000000
R Means Squared
55.0753090241205
