
GC Util
48.12231404958678
605
157.0
0.0
32.0
30.60496401649377
-11.968570372117291
1.3664427712561237e-31
heapSize
118.48674380165289
605
137.5
100.0
118.75
12.26210409472816
numThreads
97.27272727272727
605
100.0
25.0
100.0
14.051112939352425
GCInterval
99.83471074380165
605
100
0
100.0
4.065578140908708
Correlation
                Time   GC Util  heapSize  numThreads  GCInterval
Time        1.000000  0.496474  0.831602   -0.000659    0.127875
GC Util     0.496474  1.000000  0.454301    0.146884    0.064032
heapSize    0.831602  0.454301  1.000000    0.026239    0.061395
numThreads -0.000659  0.146884  0.026239    1.000000   -0.007904
GCInterval  0.127875  0.064032  0.061395   -0.007904    1.000000
R Means Squared
41.54491744232086
