
GC Util
36.62176165803109
193
124.0
0.0
30.0
34.292354331984804
-3.2618811112101076
0.0012000265922090957
heapSize
103.88642487046633
193
109.38
100.0
102.34
3.5066413426589405
numThreads
98.44559585492227
193
100.0
25.0
100.0
10.712550747759193
GCInterval
99.48186528497409
193
100
0
100.0
7.198157507486946
Correlation
                Time   GC Util  heapSize  numThreads  GCInterval
Time        1.000000  0.535725  0.782258   -0.101803    0.145821
GC Util     0.535725  1.000000  0.457684    0.002645    0.077272
heapSize    0.782258  0.457684  1.000000   -0.179629    0.080193
numThreads -0.101803  0.002645 -0.179629    1.000000   -0.010499
GCInterval  0.145821  0.077272  0.080193   -0.010499    1.000000
R Means Squared
38.02835048242965
