
GC Util
51.16015132408575
793
141.0
0.0
54.0
29.725908265338074
-12.741631899453298
1.4381016673656948e-35
heapSize
107.92640605296343
793
114.84
100.0
108.59
4.78786643206308
numThreads
97.16267339218159
793
100.0
25.0
100.0
14.318086284980692
GCInterval
99.87389659520807
793
100
0
100.0
3.551104121142176
Correlation
                Time   GC Util  heapSize  numThreads  GCInterval
Time        1.000000  0.481396  0.959821   -0.109550    0.094477
GC Util     0.481396  1.000000  0.443843    0.167049    0.061194
heapSize    0.959821  0.443843  1.000000   -0.109636    0.058863
numThreads -0.109550  0.167049 -0.109636    1.000000   -0.007046
GCInterval  0.094477  0.061194  0.058863   -0.007046    1.000000
R Means Squared
43.05194961555021
