
GC Util
20.82530239936546
5043
413.0
0.0
16.0
23.72724108987342
-5.1853102863750715
2.199497261873443e-07
heapSize
276.4471068808249
5043
771.88
100.0
248.44
173.6979110146541
numThreads
96.9363474122546
5043
100.0
25.0
100.0
14.846942019496552
GCInterval
98.77327979377355
5043
102.85
0.0
100.45
10.041002828053639
Correlation
                Time   GC Util  heapSize  numThreads  GCInterval
Time        1.000000  0.077462  0.936583    0.071345    0.139701
GC Util     0.077462  1.000000  0.092385   -0.022041   -0.062621
heapSize    0.936583  0.092385  1.000000    0.098695    0.054390
numThreads  0.071345 -0.022041  0.098695    1.000000   -0.022850
GCInterval  0.139701 -0.062621  0.054390   -0.022850    1.000000
R Means Squared
23.739238771826578
