
GC Util
46.705244122965645
553
124.0
0.0
37.0
28.686617429575122
-30.148827456784968
1.9397781272272944e-148
heapSize
105.60578661844485
553
112.5
100.0
105.47
3.829546621200875
numThreads
97.2875226039783
553
100.0
25.0
100.0
14.01547306860876
GCInterval
99.81916817359856
553
100
0
100.0
4.252432555625623
Correlation
                Time   GC Util  heapSize  numThreads  GCInterval
Time        1.000000  0.357449  0.859743    0.052892    0.121668
GC Util     0.357449  1.000000  0.171877    0.112230    0.069360
heapSize    0.859743  0.171877  1.000000    0.113803    0.062361
numThreads  0.052892  0.112230  0.113803    1.000000   -0.008245
GCInterval  0.121668  0.069360  0.062361   -0.008245    1.000000
R Means Squared
39.17402172741753
