
GC Util
14.250743731406715
2353
234.0
0.0
8.0
19.789023932388087
0.37167873122323813
0.7101492111249988
heapSize
114.05063323416915
2353
144.53
100.0
108.59
14.72459125584018
numThreads
98.27879303017424
2353
100.0
25.0
100.0
11.233058138425347
GCInterval
98.85063748406289
2353
103.25
0.0
100.85
12.737275964593184
Correlation
                Time   GC Util  heapSize  numThreads  GCInterval
Time        1.000000  0.077540  0.871249    0.042692    0.221217
GC Util     0.077540  1.000000  0.084580   -0.033346   -0.058543
heapSize    0.871249  0.084580  1.000000    0.015534    0.097701
numThreads  0.042692 -0.033346  0.015534    1.000000   -0.017465
GCInterval  0.221217 -0.058543  0.097701   -0.017465    1.000000
R Means Squared
20.603227603346717
