
GC Util
27.388535031847134
785
51.0
0.0
27.0
8.006255272528225
-47.68159431997242
3.29128717923774e-310
heapSize
108.42333757961782
785
117.97
100.0
108.59
5.485293842651584
numThreads
87.77070063694268
785
100.0
25.0
100.0
27.72401168889215
GCInterval
99.87261146496816
785
100
0
100.0
3.5691530512412486
Correlation
                Time   GC Util  heapSize  numThreads  GCInterval
Time        1.000000  0.221128  0.767544   -0.009188    0.105468
GC Util     0.221128  1.000000 -0.026141    0.015400    0.122253
heapSize    0.767544 -0.026141  1.000000    0.023733    0.054879
numThreads -0.009188  0.015400  0.023733    1.000000   -0.015764
GCInterval  0.105468  0.122253  0.054879   -0.015764    1.000000
R Means Squared
10.89077211208885
