
GC Util
32.66321243523316
193
110.0
0.0
30.0
31.337469984719217
-4.313791060702761
2.016484640106217e-05
heapSize
101.29326424870466
193
103.12
100.0
100.78
1.16651467058239
numThreads
96.89119170984456
193
100.0
25.0
100.0
14.98866151773614
GCInterval
99.48186528497409
193
100
0
100.0
7.198157507486946
Correlation
                Time   GC Util  heapSize  numThreads  GCInterval
Time        1.000000  0.414215  0.993948   -0.352685    0.085873
GC Util     0.414215  1.000000  0.407607   -0.015547    0.075418
heapSize    0.993948  0.407607  1.000000   -0.326492    0.080218
numThreads -0.352685 -0.015547 -0.326492    1.000000   -0.015008
GCInterval  0.085873  0.075418  0.080218   -0.015008    1.000000
R Means Squared
33.72396328253643
