
GC Util
38.57971014492754
345
110.0
0.0
29.0
29.784402522741164
-22.125393527991186
1.0153205412717326e-83
heapSize
103.1289275362319
345
107.81
100.0
103.12
2.3780931529593916
numThreads
96.08695652173913
345
100.0
25.0
100.0
16.702543959587157
GCInterval
99.71014492753623
345
100
0
100.0
5.383819020581655
Correlation
                Time   GC Util  heapSize  numThreads  GCInterval
Time        1.000000  0.383092  0.986031   -0.144826    0.068541
GC Util     0.383092  1.000000  0.389851    0.088719    0.069939
heapSize    0.986031  0.389851  1.000000   -0.128438    0.071042
numThreads -0.144826  0.088719 -0.128438    1.000000   -0.012650
GCInterval  0.068541  0.069939  0.071042   -0.012650    1.000000
R Means Squared
35.067719166438984
