
GC Util
2.27108784176847
1719
101.0
0.0
0.0
7.686587545467883
-3.4773755057975966
0.0005124906552273558
heapSize
100.1506457242583
1719
100.78
100.0
100.0
0.3080011634297548
numThreads
99.21465968586388
1719
100.0
25.0
100.0
7.636601960864684
GCInterval
100.07507271669574
1719
103.65
0.0
101.65
13.16359419335231
Correlation
                Time   GC Util  heapSize  numThreads  GCInterval
Time        1.000000 -0.185494  0.780496    0.060504    0.155174
GC Util    -0.185494  1.000000 -0.008055   -0.232871   -0.208867
heapSize    0.780496 -0.008055  1.000000   -0.007580    0.056492
numThreads  0.060504 -0.232871 -0.007580    1.000000    0.169389
GCInterval  0.155174 -0.208867  0.056492    0.169389    1.000000
R Means Squared
19.32261844261193
