
GC Util
91.19526319214002
15369
311.0
0.0
70.0
51.70653272802499
-0.13559624358009273
0.8921413415108584
heapSize
100.0
15369
100
100
100.0
0.0
numThreads
99.10208861994924
15369
100.0
25.0
100.0
8.157293561310606
GCInterval
99.99349339579673
15369
100
0
100.0
0.8066352461469999
Correlation
                Time   GC Util  heapSize  numThreads  GCInterval
Time        1.000000  0.253081       NaN    0.053345    0.023398
GC Util     0.253081  1.000000       NaN    0.120425    0.014228
heapSize         NaN       NaN       NaN         NaN         NaN
numThreads  0.053345  0.120425       NaN    1.000000   -0.000888
GCInterval  0.023398  0.014228       NaN   -0.000888    1.000000
R Means Squared
87.98952818049126
