
GC Util
70.92189707366296
14865
166.0
0.0
82.0
28.758515753959372
-267.710375685174
0.0
heapSize
280.2729714093508
14865
466.41
100.0
280.47
104.78203306075322
numThreads
96.94248234106962
14865
100.0
25.0
100.0
14.831729795245106
GCInterval
99.9932727884292
14865
100
0
100.0
0.8201958041104517
Correlation
                Time   GC Util  heapSize  numThreads  GCInterval
Time        1.000000  0.027510  0.995938    0.008809    0.015210
GC Util     0.027510  1.000000  0.034760    0.315809    0.020228
heapSize    0.995938  0.034760  1.000000    0.010050    0.014112
numThreads  0.008809  0.315809  0.010050    1.000000   -0.001691
GCInterval  0.015210  0.020228  0.014112   -0.001691    1.000000
R Means Squared
58.48107550651109
