
GC Util
31.899412552818717
9703
3311.0
0.0
9.0
106.02601061770078
14.435653369542916
5.47360368288684e-47
heapSize
258.9737380191693
9703
428.12
100.0
271.88
129.25036252592116
numThreads
98.85602391013089
9703
100.0
25.0
100.0
9.192292092334027
GCInterval
97.491523240235
9703
103.65
0.0
100.85
10.264352493235586
Correlation
                Time   GC Util  heapSize  numThreads  GCInterval
Time        1.000000 -0.030883  0.882763    0.062316    0.065086
GC Util    -0.030883  1.000000  0.033776    0.010050   -0.235976
heapSize    0.882763  0.033776  1.000000    0.065247   -0.091545
numThreads  0.062316  0.010050  0.065247    1.000000   -0.018963
GCInterval  0.065086 -0.235976 -0.091545   -0.018963    1.000000
R Means Squared
106.6862333474195
