
GC Util
28.07773851590106
849
116.0
0.0
28.0
10.045936312215632
-12.701508617035064
2.3504248394183264e-35
heapSize
108.83752650176679
849
117.97
100.0
109.38
5.57784835072165
numThreads
93.1095406360424
849
100.0
25.0
100.0
21.676241578356343
GCInterval
99.88221436984688
849
100
0
100.0
3.4319911152729015
Correlation
                Time   GC Util  heapSize  numThreads  GCInterval
Time        1.000000  0.198941  0.777175   -0.099688    0.106629
GC Util     0.198941  1.000000  0.038986   -0.006473    0.096035
heapSize    0.777175  0.038986  1.000000    0.026456    0.054440
numThreads -0.099688 -0.006473  0.026456    1.000000   -0.010923
GCInterval  0.106629  0.096035  0.054440   -0.010923    1.000000
R Means Squared
12.886109796104773
