
GC Util
47.81611928132323
29443
149.0
0.0
50.0
23.547868010215772
-95.76446030228526
0.0
heapSize
286.09111707366776
29443
467.97
100.0
285.94
104.38980709092557
numThreads
99.63828414224093
29443
100.0
25.0
100.0
5.19603386771567
GCInterval
99.9966036069694
29443
100
0
100.0
0.5827858123360159
Correlation
                Time   GC Util  heapSize  numThreads  GCInterval
Time        1.000000  0.410559  0.985464   -0.076805    0.008140
GC Util     0.410559  1.000000  0.402579    0.069452    0.011834
heapSize    0.985464  0.402579  1.000000   -0.065698    0.010389
numThreads -0.076805  0.069452 -0.065698    1.000000   -0.000406
GCInterval  0.008140  0.011834  0.010389   -0.000406    1.000000
R Means Squared
36.44474923262719
