
GC Util
17.198403939213854
11779
119.0
0.0
13.0
10.950122838789813
-256.7803350116537
0.0
heapSize
242.59261397402156
11779
386.72
100.0
242.97
83.01478826198999
numThreads
97.56770523813566
11779
100.0
25.0
100.0
13.286121910142
GCInterval
99.99151031496731
11779
100
0
100.0
0.9213948682668733
Correlation
                Time   GC Util  heapSize  numThreads  GCInterval
Time        1.000000 -0.468604  0.966978    0.208202    0.022029
GC Util    -0.468604  1.000000 -0.541600   -0.166071    0.014473
heapSize    0.966978 -0.541600  1.000000    0.235919    0.015828
numThreads  0.208202 -0.166071  0.235919    1.000000   -0.001687
GCInterval  0.022029  0.014473  0.015828   -0.001687    1.000000
R Means Squared
11.302386964682027
