
GC Util
20.289080199365653
6621
110.0
0.0
6.0
30.065579632282795
-70.51210204254016
0.0
heapSize
154.24545536927954
6621
210.94
100.0
156.25
29.90294755084201
numThreads
99.45627548708654
6621
100.0
25.0
100.0
6.363160966487075
GCInterval
99.98489654130796
6621
100
0
100.0
1.2289612968698598
Correlation
                Time   GC Util  heapSize  numThreads  GCInterval
Time        1.000000 -0.143129  0.990480    0.101968    0.026350
GC Util    -0.143129  1.000000 -0.150630   -0.010193    0.008295
heapSize    0.990480 -0.150630  1.000000    0.104703    0.022297
numThreads  0.101968 -0.010193  0.104703    1.000000   -0.001050
GCInterval  0.026350  0.008295  0.022297   -0.001050    1.000000
R Means Squared
30.064698899564288
