
GC Util
69.77415116520297
14461
164.0
0.0
84.0
31.748922480605525
-72.50647689629227
0.0
heapSize
193.87746767166863
14461
286.72
100.0
193.75
51.4805793587356
numThreads
97.64539105179448
14461
100.0
25.0
100.0
13.079117596508256
GCInterval
99.99308484890395
14461
100
0
100.0
0.831573875013606
Correlation
                Time   GC Util  heapSize  numThreads  GCInterval
Time        1.000000  0.197819  0.995478    0.036089    0.019841
GC Util     0.197819  1.000000  0.191116    0.242612    0.018277
heapSize    0.995478  0.191116  1.000000    0.035977    0.015165
numThreads  0.036089  0.242612  0.035977    1.000000   -0.001497
GCInterval  0.019841  0.018277  0.015165   -0.001497    1.000000
R Means Squared
59.03719589023851
