
GC Util
12.443255636224684
2617
816.0
0.0
4.0
41.9180512571978
4.045162690579749
5.304336249783376e-05
heapSize
102.97553687428352
2617
136.72
100.0
100.0
6.606925846426055
numThreads
99.14023691249523
2617
100.0
25.0
100.0
7.985449617982909
GCInterval
99.44759266335498
2617
103.65
0.0
101.25
12.175084691505369
Correlation
                Time   GC Util  heapSize  numThreads  GCInterval
Time        1.000000  0.101754  0.355650   -0.005915    0.240363
GC Util     0.101754  1.000000  0.091864   -0.029695   -0.093696
heapSize    0.355650  0.091864  1.000000    0.005209    0.013163
numThreads -0.005915 -0.029695  0.005209    1.000000    0.021328
GCInterval  0.240363 -0.093696  0.013163    0.021328    1.000000
R Means Squared
42.58586596665518
