
GC Util
8.217457886676875
653
55.0
0.0
2.0
13.371698949331456
0.18880067868613068
0.8502789461347068
heapSize
100.27234303215926
653
101.56
100.0
100.0
0.5926400783920708
numThreads
97.47320061255742
653
100.0
25.0
100.0
13.542751044180877
GCInterval
95.87588055130168
653
103.25
0.0
100.85
22.14618635267267
Correlation
                Time   GC Util  heapSize  numThreads  GCInterval
Time        1.000000 -0.256411  0.299416    0.089526    0.354426
GC Util    -0.256411  1.000000 -0.034658   -0.136708   -0.190918
heapSize    0.299416 -0.034658  1.000000   -0.003561    0.115988
numThreads  0.089526 -0.136708 -0.003561    1.000000    0.000372
GCInterval  0.354426 -0.190918  0.115988    0.000372    1.000000
R Means Squared
17.814511351742944
