
GC Util
18.180048661800488
20961
124.0
0.0
13.0
14.487373576548887
-113.36885496889519
0.0
heapSize
244.48642335766422
20961
386.72
100.0
243.75
81.258992591601
numThreads
98.61886360383569
20961
100.0
25.0
100.0
10.083776227308661
GCInterval
99.99522923524641
20961
100
0
100.0
0.6907072283963733
Correlation
                Time   GC Util  heapSize  numThreads  GCInterval
Time        1.000000 -0.359121  0.964935    0.130006    0.016670
GC Util    -0.359121  1.000000 -0.458550   -0.106854    0.008668
heapSize    0.964935 -0.458550  1.000000    0.151319    0.012282
numThreads  0.130006 -0.106854  0.151319    1.000000   -0.000946
GCInterval  0.016670  0.008668  0.012282   -0.000946    1.000000
R Means Squared
14.60089733366866
