
GC Util
10.920120398240334
4319
2718.0
0.0
0.0
62.781068682254194
5.715094463828984
1.1345289183552855e-08
heapSize
123.20803426719148
4319
149.22
100.0
125.78
13.171693604684446
numThreads
99.23593424403798
4319
100.0
25.0
100.0
7.532215556633997
GCInterval
99.94337809678167
4319
103.65
0.0
101.25
10.045276215738365
Correlation
                Time   GC Util  heapSize  numThreads  GCInterval
Time        1.000000 -0.155711  0.628442    0.047602    0.182475
GC Util    -0.155711  1.000000 -0.069592   -0.012838   -0.134972
heapSize    0.628442 -0.069592  1.000000    0.064159    0.127507
numThreads  0.047602 -0.012838  0.064159    1.000000    0.107642
GCInterval  0.182475 -0.134972  0.127507    0.107642    1.000000
R Means Squared
63.42707790544241
