
GC Util
22.14595068218801
7989
114.0
0.0
7.0
28.679461203629103
-99.73746023724516
0.0
heapSize
172.66706721742395
7989
240.62
100.0
176.56
39.11197777575829
numThreads
99.06120916259857
7989
100.0
25.0
100.0
8.33886614731706
GCInterval
99.98748278883465
7989
100
0
100.0
1.118803430695149
Correlation
                Time   GC Util  heapSize  numThreads  GCInterval
Time        1.000000 -0.194216  0.995571    0.088509    0.020501
GC Util    -0.194216  1.000000 -0.196709   -0.030992    0.008640
heapSize    0.995571 -0.196709  1.000000    0.092245    0.020789
numThreads  0.088509 -0.030992  0.092245    1.000000   -0.001260
GCInterval  0.020501  0.008640  0.020789   -0.001260    1.000000
R Means Squared
28.75784490813194
