
GC Util
49.56315007429421
673
143.0
0.0
32.0
30.593717407732104
-35.10837773285954
4.0702856589423925e-196
heapSize
107.05759286775631
673
114.84
100.0
107.03
4.6799256742110265
numThreads
95.54234769687965
673
100.0
25.0
100.0
17.746019133184642
GCInterval
99.85141158989599
673
100
0
100.0
3.8547167224584995
Correlation
                Time   GC Util  heapSize  numThreads  GCInterval
Time        1.000000  0.535680  0.952388   -0.067562    0.097097
GC Util     0.535680  1.000000  0.487630    0.193344    0.062541
heapSize    0.952388  0.487630  1.000000   -0.063667    0.058218
numThreads -0.067562  0.193344 -0.063667    1.000000   -0.009697
GCInterval  0.097097  0.062541  0.058218   -0.009697    1.000000
R Means Squared
42.52722229300187
