
GC Util
21.57834157981542
28497
2060.0
0.0
11.0
66.18480587453925
17.856996936587894
3.884988636666917e-71
heapSize
337.7812822402358
28497
427.34
100.0
388.28
105.85256483046822
numThreads
96.9207284977366
28497
100.0
25.0
100.0
14.881909199535887
GCInterval
99.72141453486331
28497
103.65
0.0
100.85
5.951683705269652
Correlation
                Time   GC Util  heapSize  numThreads  GCInterval
Time        1.000000 -0.156727  0.783339   -0.069146    0.265732
GC Util    -0.156727  1.000000 -0.115580   -0.004642   -0.294916
heapSize    0.783339 -0.115580  1.000000   -0.017729    0.189764
numThreads -0.069146 -0.004642 -0.017729    1.000000    0.002245
GCInterval  0.265732 -0.294916  0.189764    0.002245    1.000000
R Means Squared
66.2024620038094
