
GC Util
59.3469387755102
6517
152.0
0.0
69.0
29.337750199621816
-37.96431045455463
2.1857426778788717e-302
heapSize
145.05185207917754
6517
185.94
100.0
145.31
23.591815607981538
numThreads
97.30704311799909
6517
100.0
25.0
100.0
13.955272577320658
GCInterval
99.98465551634187
6517
100
0
100.0
1.2387285278916
Correlation
                Time   GC Util  heapSize  numThreads  GCInterval
Time        1.000000  0.210318  0.996708   -0.063419    0.025616
GC Util     0.210318  1.000000  0.212078    0.219206    0.025062
heapSize    0.996708  0.212078  1.000000   -0.068283    0.023659
numThreads -0.063419  0.219206 -0.068283    1.000000   -0.002391
GCInterval  0.025616  0.025062  0.023659   -0.002391    1.000000
R Means Squared
49.07904957573996
