
GC Util
23.648
125
43.0
0.0
28.0
16.238274181300696
-7.279526565741381
5.001633324077357e-12
heapSize
100.54912
125
101.56
100.0
100.0
0.6344797411545029
numThreads
94.0
125
100.0
25.0
100.0
20.428869515404404
GCInterval
99.2
125
100
0
100.0
8.944271909999156
Correlation
                Time   GC Util  heapSize  numThreads  GCInterval
Time        1.000000  0.637283  0.879562   -0.404939    0.122744
GC Util     0.637283  1.000000  0.405996   -0.086643    0.131307
heapSize    0.879562  0.405996  1.000000   -0.471712    0.078034
numThreads -0.404939 -0.086643 -0.471712    1.000000   -0.026481
GCInterval  0.122744  0.131307  0.078034   -0.026481    1.000000
R Means Squared
16.579505420850165
