
GC Util
24.15401580591803
5441
113.0
0.0
8.0
29.268850558338773
-106.82087071469309
0.0
heapSize
165.29212644734423
5441
235.94
100.0
164.84
38.45196001491237
numThreads
99.0626723028855
5441
100.0
25.0
100.0
8.332691959022315
GCInterval
99.98162102554677
5441
100
0
100.0
1.3556907631619204
Correlation
                Time   GC Util  heapSize  numThreads  GCInterval
Time        1.000000 -0.188279  0.994559    0.050203    0.023582
GC Util    -0.188279  1.000000 -0.187670   -0.006644    0.011190
heapSize    0.994559 -0.187670  1.000000    0.062695    0.023024
numThreads  0.050203 -0.006644  0.062695    1.000000   -0.001525
GCInterval  0.023582  0.011190  0.023024   -0.001525    1.000000
R Means Squared
29.559499555439373
