
GC Util
64.63332396740657
3559
150.0
0.0
77.0
28.02806394819203
-151.6986769757966
0.0
heapSize
142.2563978645687
3559
185.94
100.0
142.19
25.07393166150627
numThreads
96.24894633323967
3559
100.0
25.0
100.0
16.35034361235016
GCInterval
99.97190221972464
3559
100
0
100.0
1.6762392512812205
Correlation
                Time   GC Util  heapSize  numThreads  GCInterval
Time        1.000000  0.304987  0.996060   -0.094190    0.031061
GC Util     0.304987  1.000000  0.299870    0.317417    0.038665
heapSize    0.996060  0.299870  1.000000   -0.102119    0.028257
numThreads -0.094190  0.317417 -0.102119    1.000000   -0.003847
GCInterval  0.031061  0.038665  0.028257   -0.003847    1.000000
R Means Squared
52.7018524215739
