
GC Util
14.843877006445256
24359
113.0
0.0
12.0
9.690343300126399
-549.5188507236293
0.0
heapSize
396.15593168849296
24359
693.75
100.0
396.09
171.6773913763982
numThreads
98.88542222587134
24359
100.0
25.0
100.0
9.074934176488297
GCInterval
99.99589474116343
24359
100
0
100.0
0.6407229382946769
Correlation
                Time   GC Util  heapSize  numThreads  GCInterval
Time        1.000000 -0.315035  0.991016    0.164160    0.012503
GC Util    -0.315035  1.000000 -0.351246   -0.155198    0.009815
heapSize    0.991016 -0.351246  1.000000    0.181201    0.011053
numThreads  0.164160 -0.155198  0.181201    1.000000   -0.000787
GCInterval  0.012503  0.009815  0.011053   -0.000787    1.000000
R Means Squared
10.976543292307097
