
GC Util
14.366850161428937
43053
115.0
0.0
11.0
9.181703466191648
-214.50561588852008
0.0
heapSize
407.4141198058207
43053
693.75
100.0
415.62
173.76744596056147
numThreads
99.20563026966762
43053
100.0
25.0
100.0
7.677765020129605
GCInterval
99.99767728149025
43053
100
0
100.0
0.4819459004643367
Correlation
                Time   GC Util  heapSize  numThreads  GCInterval
Time        1.000000 -0.368500  0.991154    0.108842    0.009455
GC Util    -0.368500  1.000000 -0.401607   -0.152244    0.007541
heapSize    0.991154 -0.401607  1.000000    0.121152    0.008526
numThreads  0.108842 -0.152244  0.121152    1.000000   -0.000499
GCInterval  0.009455  0.007541  0.008526   -0.000499    1.000000
R Means Squared
10.771912435019281
