
GC Util
47.07657801986543
3121
783.0
0.0
23.0
81.49014549879331
6.921434269146593
4.950536756439488e-12
heapSize
170.74653636654915
3121
396.88
100.0
101.56
94.64859122723739
numThreads
97.93335469400833
3121
100.0
25.0
100.0
12.279075094840357
GCInterval
95.87617750720925
3121
103.25
0.0
99.65
11.54971120598078
Correlation
                Time   GC Util  heapSize  numThreads  GCInterval
Time        1.000000  0.291075  0.828394   -0.010387   -0.095678
GC Util     0.291075  1.000000  0.365356    0.040181   -0.195081
heapSize    0.828394  0.365356  1.000000    0.021229   -0.256096
numThreads -0.010387  0.040181  0.021229    1.000000   -0.013043
GCInterval -0.095678 -0.195081 -0.256096   -0.013043    1.000000
R Means Squared
85.85835522048097
