
GC Util
45.00869565217391
345
122.0
0.0
30.0
33.723438036520434
-2.98398285808907
0.0029377348463836663
heapSize
103.12440579710145
345
107.81
100.0
103.12
2.372875122394333
numThreads
96.52173913043478
345
100.0
25.0
100.0
15.795392962098095
GCInterval
99.71014492753623
345
100
0
100.0
5.383819020581655
Correlation
                Time   GC Util  heapSize  numThreads  GCInterval
Time        1.000000  0.380513  0.992036   -0.142774    0.069122
GC Util     0.380513  1.000000  0.411206    0.101563    0.072064
heapSize    0.992036  0.411206  1.000000   -0.136522    0.071096
numThreads -0.142774  0.101563 -0.136522    1.000000   -0.011890
GCInterval  0.069122  0.072064  0.071096   -0.011890    1.000000
R Means Squared
41.94530600260504
