
GC Util
4.840148252028448
49915
322.0
0.0
4.0
7.272093936442093
-0.375520652315515
0.7072741472146855
heapSize
187.55092216768506
49915
223.44
100.0
196.09
25.14719180211915
numThreads
99.88881097866373
49915
100.0
25.0
100.0
2.8856507801469338
GCInterval
101.60626765501354
49915
103.65
0.0
101.65
2.8114553877459825
Correlation
                Time   GC Util  heapSize  numThreads  GCInterval
Time        1.000000 -0.203253  0.794620    0.035742    0.111830
GC Util    -0.203253  1.000000 -0.283636   -0.052402   -0.108227
heapSize    0.794620 -0.283636  1.000000    0.050680    0.178883
numThreads  0.035742 -0.052402  0.050680    1.000000    0.016959
GCInterval  0.111830 -0.108227  0.178883    0.016959    1.000000
R Means Squared
16.813785884589283
