
GC Util
67.51947203794727
29093
165.0
0.0
79.0
30.991093833311194
-128.96732979376316
0.0
heapSize
283.5431272127316
29093
465.62
100.0
283.59
102.89143617271277
numThreads
97.95311586979686
29093
100.0
25.0
100.0
12.220135352412997
GCInterval
99.99656274705255
29093
100
0
100.0
0.5862809008866313
Correlation
                Time   GC Util  heapSize  numThreads  GCInterval
Time        1.000000  0.056295  0.996061    0.000347    0.011273
GC Util     0.056295  1.000000  0.062642    0.217469    0.012774
heapSize    0.996061  0.062642  1.000000    0.000152    0.010459
numThreads  0.000347  0.217469  0.000152    1.000000   -0.000982
GCInterval  0.011273  0.012774  0.010459   -0.000982    1.000000
R Means Squared
56.7319584249187
