
GC Util
55.447037701974864
557
132.0
0.0
39.0
34.69480730568757
-3.4443860978288177
0.0005904353559990357
heapSize
105.64689407540395
557
112.5
100.0
105.47
3.845864808758753
numThreads
95.15260323159785
557
100.0
25.0
100.0
18.457223962785832
GCInterval
99.82046678635548
557
100
0
100.0
4.237135986070357
Correlation
                Time   GC Util  heapSize  numThreads  GCInterval
Time        1.000000  0.484699  0.857062   -0.106058    0.120112
GC Util     0.484699  1.000000  0.254492    0.131042    0.067837
heapSize    0.857062  0.254492  1.000000   -0.118336    0.062326
numThreads -0.106058  0.131042 -0.118336    1.000000   -0.011148
GCInterval  0.120112  0.067837  0.062326   -0.011148    1.000000
R Means Squared
49.578836627059324
