
GC Util
23.403252415743577
4243
108.0
0.0
7.0
31.707412067051195
-98.8129948210139
0.0
heapSize
150.63630450153195
4243
206.25
100.0
150.78
29.951179491959756
numThreads
99.36365778930002
4243
100.0
25.0
100.0
6.8798175616810955
GCInterval
99.97643176997407
4243
100
0
100.0
1.5351947767604304
Correlation
                Time   GC Util  heapSize  numThreads  GCInterval
Time        1.000000 -0.159216  0.991703    0.102869    0.030648
GC Util    -0.159216  1.000000 -0.168801   -0.008711    0.011334
heapSize    0.991703 -0.168801  1.000000    0.117131    0.025961
numThreads  0.102869 -0.008711  0.117131    1.000000   -0.001420
GCInterval  0.030648  0.011334  0.025961   -0.001420    1.000000
R Means Squared
31.885814423382314
