
GC Util
44.41950248756219
15075
146.0
0.0
46.0
24.21596786817055
-503.95832429876356
0.0
heapSize
282.8269930348259
15075
467.19
100.0
282.81
106.24585218149058
numThreads
99.45273631840796
15075
100.0
25.0
100.0
6.383414572095001
GCInterval
99.99336650082918
15075
100
0
100.0
0.8144629623753682
Correlation
                Time   GC Util  heapSize  numThreads  GCInterval
Time        1.000000  0.367932  0.984782   -0.094352    0.011075
GC Util     0.367932  1.000000  0.364762    0.067468    0.014941
heapSize    0.984782  0.364762  1.000000   -0.073246    0.014016
numThreads -0.094352  0.067468 -0.073246    1.000000   -0.000698
GCInterval  0.011075  0.014941  0.014016   -0.000698    1.000000
R Means Squared
34.390206481267484
