
GC Util
39.939403404654065
6403
898.0
0.0
36.0
53.281309300083635
1.608522986021967
0.10774630288733263
heapSize
161.81196001874122
6403
689.06
100.0
100.0
115.72706231554955
numThreads
98.47727627674527
6403
100.0
25.0
100.0
10.578424663861291
GCInterval
97.22736998282055
6403
102.85
0.0
98.85
8.208134484376265
Correlation
                Time   GC Util  heapSize  numThreads  GCInterval
Time        1.000000  0.149518  0.823162   -0.047372   -0.095683
GC Util     0.149518  1.000000  0.185575    0.036875   -0.175835
heapSize    0.823162  0.185575  1.000000   -0.008392   -0.165543
numThreads -0.047372  0.036875 -0.008392    1.000000   -0.007467
GCInterval -0.095683 -0.175835 -0.165543   -0.007467    1.000000
R Means Squared
56.88615261110799
