
GC Util
9.516473630945688
8893
257.0
0.0
6.0
14.020849283971518
1.4449654564322922
0.14848676592947066
heapSize
143.05055436860454
8893
209.38
100.0
146.88
22.00020089152687
numThreads
99.39278083886202
8893
100.0
25.0
100.0
6.721443455751418
GCInterval
100.60822557067355
8893
103.25
0.0
101.25
6.426810740074993
Correlation
                Time   GC Util  heapSize  numThreads  GCInterval
Time        1.000000 -0.247657  0.803013    0.094466    0.174925
GC Util    -0.247657  1.000000 -0.179345   -0.061112   -0.079489
heapSize    0.803013 -0.179345  1.000000    0.105773    0.158911
numThreads  0.094466 -0.061112  0.105773    1.000000    0.009410
GCInterval  0.174925 -0.079489  0.158911    0.009410    1.000000
R Means Squared
17.506182744223487
