
GC Util
10.473186119873818
1585
93.0
0.0
6.0
13.999934848560853
2.6886732023231237
0.007211472605182722
heapSize
100.32479495268139
1585
101.56
100.0
100.0
0.6335942237572484
numThreads
99.43217665615143
1585
100.0
25.0
100.0
6.503153809016237
GCInterval
98.88375394321767
1585
103.25
0.0
101.25
14.479906819190798
Correlation
                Time   GC Util  heapSize  numThreads  GCInterval
Time        1.000000 -0.299904  0.202998    0.098251    0.340469
GC Util    -0.299904  1.000000  0.024631    0.005033   -0.152603
heapSize    0.202998  0.024631  1.000000    0.008935    0.073905
numThreads  0.098251  0.005033  0.008935    1.000000   -0.006232
GCInterval  0.340469 -0.152603  0.073905   -0.006232    1.000000
R Means Squared
16.93028943389502
