
GC Util
24.218237314002288
7863
634.0
0.0
15.0
35.55358889240496
0.8653424084848866
0.3868646547991913
heapSize
504.3544118021112
7863
1177.34
100.0
519.53
320.0724052035927
numThreads
97.59633727584891
7863
100.0
25.0
100.0
13.210575491717957
GCInterval
98.83910085209207
7863
102.85
0.0
100.45
7.355210653177145
Correlation
                Time   GC Util  heapSize  numThreads  GCInterval
Time        1.000000 -0.160856  0.971995    0.116673    0.168199
GC Util    -0.160856  1.000000 -0.164328    0.004001   -0.085053
heapSize    0.971995 -0.164328  1.000000    0.119884    0.152096
numThreads  0.116673  0.004001  0.119884    1.000000   -0.010951
GCInterval  0.168199 -0.085053  0.152096   -0.010951    1.000000
R Means Squared
35.80070458717348
