
GC Util
24.614173228346456
127
43.0
0.0
29.0
15.339050302804798
-8.858150511940563
1.9614642448554497e-16
heapSize
100.56503937007872
127
101.56
100.0
100.0
0.6419809051402391
numThreads
94.09448818897638
127
100.0
25.0
100.0
20.27995846668759
GCInterval
99.21259842519684
127
100
0
100.0
8.873565094161135
Correlation
                Time   GC Util  heapSize  numThreads  GCInterval
Time        1.000000  0.770574  0.885407   -0.384280    0.124788
GC Util     0.770574  1.000000  0.523971   -0.080095    0.143522
heapSize    0.885407  0.523971  1.000000   -0.454891    0.078721
numThreads -0.384280 -0.080095 -0.454891    1.000000   -0.026045
GCInterval  0.124788  0.143522  0.078721   -0.026045    1.000000
R Means Squared
15.960088015071186
