
GC Util
46.74032634032634
2145
130.0
0.0
47.0
35.50261684812958
-111.12843281191081
0.0
heapSize
125.14412121212122
2145
157.81
100.0
125.0
15.348623154141158
numThreads
99.79020979020979
2145
100.0
25.0
100.0
3.962016155637771
GCInterval
99.95337995337995
2145
100
0
100.0
2.1591675854376526
Correlation
                Time   GC Util  heapSize  numThreads  GCInterval
Time        1.000000  0.168575  0.978443    0.040082    0.028616
GC Util     0.168575  1.000000  0.208599    0.041393    0.028439
heapSize    0.978443  0.208599  1.000000    0.045447    0.035388
numThreads  0.040082  0.041393  0.045447    1.000000   -0.001144
GCInterval  0.028616  0.028439  0.035388   -0.001144    1.000000
R Means Squared
44.43977092755137
