
GC Util
73.44069379586391
7495
154.0
0.0
85.0
29.254516115570254
-171.8682980321207
0.0
heapSize
190.30788258839223
7495
284.38
100.0
190.62
52.835448222861565
numThreads
97.17811874583056
7495
100.0
25.0
100.0
14.272535131170585
GCInterval
99.9866577718479
7495
100
0
100.0
1.1550856311157804
Correlation
                Time   GC Util  heapSize  numThreads  GCInterval
Time        1.000000  0.137525  0.995469    0.044129    0.025890
GC Util     0.137525  1.000000  0.131095    0.314387    0.029001
heapSize    0.995469  0.131095  1.000000    0.045657    0.019746
numThreads  0.044129  0.314387  0.045657    1.000000   -0.002284
GCInterval  0.025890  0.029001  0.019746   -0.002284    1.000000
R Means Squared
60.92306853882847
