
GC Util
3.5645302897278315
1139
106.0
0.0
0.0
10.267597394709545
-3.279773835154514
0.0010542904901083103
heapSize
100.18087796312554
1139
105.47
100.0
100.0
0.5960547813054712
numThreads
98.28797190517999
1139
100.0
25.0
100.0
11.20630727245255
GCInterval
98.85728709394206
1139
103.65
0.0
101.25
16.02820077669565
Correlation
                Time   GC Util  heapSize  numThreads  GCInterval
Time        1.000000 -0.134617  0.518108    0.029150    0.177141
GC Util    -0.134617  1.000000  0.168350   -0.170300   -0.174381
heapSize    0.518108  0.168350  1.000000   -0.015167    0.019544
numThreads  0.029150 -0.170300 -0.015167    1.000000    0.133041
GCInterval  0.177141 -0.174381  0.019544    0.133041    1.000000
R Means Squared
19.376678323751978
