
GC Util
34.91248334073745
2251
127.0
0.0
31.0
30.92147588268728
-43.767311919063836
0.0
heapSize
126.34654820079963
2251
157.81
100.0
126.56
15.986812547006362
numThreads
99.73345179920035
2251
100.0
25.0
100.0
4.464181949673059
GCInterval
99.95557529986672
2251
100
0
100.0
2.1077167773036805
Correlation
                Time   GC Util  heapSize  numThreads  GCInterval
Time        1.000000  0.087739  0.982758    0.060820    0.028161
GC Util     0.087739  1.000000  0.112192    0.041848    0.023808
heapSize    0.982758  0.112192  1.000000    0.069252    0.034751
numThreads  0.060820  0.041848  0.069252    1.000000   -0.001259
GCInterval  0.028161  0.023808  0.034751   -0.001259    1.000000
R Means Squared
34.32338953043952
