
GC Util
67.513897791504
51483
5837.0
0.0
70.0
74.78805643796628
48.92789450278595
0.0
heapSize
106.06818017598042
51483
124.22
100.0
103.12
6.492684836097032
numThreads
95.5655264844706
51483
100.0
25.0
100.0
17.68974382415772
GCInterval
11.268982965250666
51483
200.0
0.0
10.0
13.642285574354585
Correlation
                Time   GC Util  heapSize  numThreads  GCInterval
Time        1.000000  0.071554 -0.136515    0.037988   -0.011746
GC Util     0.071554  1.000000 -0.073599    0.141644    0.012027
heapSize   -0.136515 -0.073599  1.000000   -0.045560   -0.005580
numThreads  0.037988  0.141644 -0.045560    1.000000    0.013643
GCInterval -0.011746  0.012027 -0.005580    0.013643    1.000000
R Means Squared
94.34507502893561
