
GC Util
26.242997260758152
11317
1656.0
0.0
19.0
53.411249331034035
17.854613659065222
9.082955005074021e-71
heapSize
108.5293602544844
11317
161.72
100.0
103.12
11.477586551678723
numThreads
96.68640098966156
11317
100.0
25.0
100.0
15.41301329686663
GCInterval
11.756971812317751
11317
200.0
0.0
10.0
15.121270679540974
Correlation
                Time   GC Util  heapSize  numThreads  GCInterval
Time        1.000000 -0.027858  0.013199   -0.067924   -0.057707
GC Util    -0.027858  1.000000 -0.013993    0.027683    0.117694
heapSize    0.013199 -0.013993  1.000000    0.012869    0.001688
numThreads -0.067924  0.027683  0.012869    1.000000   -0.001978
GCInterval -0.057707  0.117694  0.001688   -0.001978    1.000000
R Means Squared
55.82422805173211
