
GC Util
90.07561436672968
3174
2688.0
0.0
32.0
207.48309356856728
13.569630638197218
2.524178961124893e-41
heapSize
119.23992438563327
3174
212.5
100.0
100.0
26.654846899114
numThreads
97.61342155009451
3174
100.0
25.0
100.0
13.166329913044322
GCInterval
22.362145557655957
3174
200.0
0.0
10.0
31.532143811959767
Correlation
                Time   GC Util  heapSize  numThreads  GCInterval
Time        1.000000  0.241323  0.286496    0.023410    0.176263
GC Util     0.241323  1.000000  0.223079    0.060400    0.492982
heapSize    0.286496  0.223079  1.000000    0.059637    0.323414
numThreads  0.023410  0.060400  0.059637    1.000000    0.072220
GCInterval  0.176263  0.492982  0.323414    0.072220    1.000000
R Means Squared
222.3685567863833
