
GC Util
1.927144535840188
851
104.0
0.0
0.0
7.90200890028993
-3.1737645883564385
0.0015220322817459358
heapSize
100.00733254994124
851
100.78
100.0
100.0
0.07531459422954329
numThreads
100.0
851
100.0
100.0
100.0
0.0
GCInterval
11.634136310223264
851
100.0
0.0
10.0
12.686932640003487
Correlation
                Time   GC Util  heapSize  numThreads  GCInterval
Time        1.000000 -0.097554  0.122354         NaN   -0.243811
GC Util    -0.097554  1.000000 -0.009895         NaN   -0.043126
heapSize    0.122354 -0.009895  1.000000         NaN   -0.012555
numThreads       NaN       NaN       NaN         NaN         NaN
GCInterval -0.243811 -0.043126 -0.012555         NaN    1.000000
R Means Squared
11.293332787641075
