
GC Util
26.966047115413645
99373
6582.0
0.0
23.0
51.58104895588299
87.54050825901672
0.0
heapSize
342.9911064373624
99373
24946.09
100.0
112.5
2375.729487629107
numThreads
97.7403318808932
99373
100.0
25.0
100.0
12.82071226579083
GCInterval
11.05569520896018
99373
200.0
0.0
10.0
13.348586147468259
Correlation
                Time   GC Util  heapSize  numThreads  GCInterval
Time        1.000000  0.004064  0.196957    0.004020   -0.000418
GC Util     0.004064  1.000000 -0.033313    0.024385    0.000291
heapSize    0.196957 -0.033313  1.000000    0.010276   -0.005536
numThreads  0.004020  0.024385  0.010276    1.000000    0.008287
GCInterval -0.000418  0.000291 -0.005536    0.008287    1.000000
R Means Squared
54.29939771482784
