
GC Util
144.1448275862069
145
283.0
0.0
169.0
82.35433093501999
12.36452853221803
5.213489216898211e-35
heapSize
19291.462620689657
145
24946.09
100.0
24946.09
10453.429344157632
numThreads
100.0
145
100.0
100.0
100.0
0.0
GCInterval
99.3103448275862
145
100
0
100.0
8.304547985373995
Correlation
                Time   GC Util  heapSize  numThreads  GCInterval
Time        1.000000  0.865183  0.906834         NaN    0.184439
GC Util     0.865183  1.000000  0.824702         NaN    0.146364
heapSize    0.906834  0.824702  1.000000         NaN    0.153522
numThreads       NaN       NaN       NaN         NaN         NaN
GCInterval  0.184439  0.146364  0.153522         NaN    1.000000
R Means Squared
157.2586930879312
