
GC Util
20.523589001447178
6910
619.0
0.0
13.0
22.418039251026894
31.611496911331383
4.394825658504227e-212
heapSize
118.05342836468886
6910
171.88
100.0
117.97
14.421534956433868
numThreads
98.20911722141824
6910
100.0
25.0
100.0
11.451110156299352
GCInterval
10.831027496382054
6910
200.0
0.0
10.0
10.19447166489673
Correlation
                Time   GC Util  heapSize  numThreads  GCInterval
Time        1.000000  0.193943  0.129796    0.018160   -0.014447
GC Util     0.193943  1.000000 -0.392517    0.004584   -0.000170
heapSize    0.129796 -0.392517  1.000000    0.042625   -0.050539
numThreads  0.018160  0.004584  0.042625    1.000000    0.014373
GCInterval -0.014447 -0.000170 -0.050539    0.014373    1.000000
R Means Squared
24.76371698123049
