
GC Util
4.862236628849271
1851
745.0
0.0
0.0
23.849209521042226
-0.19126577615278179
0.8483240779867978
heapSize
109.23877903835763
1851
128.12
100.0
109.38
6.747446573719841
numThreads
99.87844408427877
1851
100.0
25.0
100.0
3.0177537663026617
GCInterval
11.059130199891948
1851
133.2
0.0
10.0
10.407106477933182
Correlation
                Time   GC Util  heapSize  numThreads  GCInterval
Time        1.000000 -0.223882  0.407466    0.044107   -0.116135
GC Util    -0.223882  1.000000 -0.078541   -0.025018   -0.003853
heapSize    0.407466 -0.078541  1.000000    0.024084   -0.123635
numThreads  0.044107 -0.025018  0.024084    1.000000   -0.159578
GCInterval -0.116135 -0.003853 -0.123635   -0.159578    1.000000
R Means Squared
24.390041453350673
