
GC Util
97.13791748526522
2545
211.0
0.0
99.0
31.382684298926403
-3.2402987039268014
0.0012017319276806054
heapSize
100.0
2545
100
100
100.0
0.0
numThreads
99.93123772102162
2545
100.0
12.5
100.0
2.452413985404844
GCInterval
99.96070726915521
2545
100
0
100.0
1.9822394114938215
Correlation
                Time   GC Util  heapSize  numThreads  GCInterval
Time        1.000000  0.518258       NaN    0.031644    0.051232
GC Util     0.518258  1.000000       NaN    0.025149    0.061380
heapSize         NaN       NaN       NaN         NaN         NaN
numThreads  0.031644  0.025149       NaN    1.000000   -0.000556
GCInterval  0.051232  0.061380       NaN   -0.000556    1.000000
R Means Squared
65.18609901590669
