
GC Util
43.6709219858156
705
147.0
0.0
36.0
25.678731192456073
-33.05340732872576
3.118677486212819e-181
heapSize
114.89339007092198
705
131.25
100.0
114.06
9.81635659575171
numThreads
98.01418439716312
705
100.0
12.5
100.0
13.04057578095783
GCInterval
99.8581560283688
705
100
0
100.0
3.7662178857735467
Correlation
                Time   GC Util  heapSize  numThreads  GCInterval
Time        1.000000  0.254112  0.476415   -0.014082    0.137237
GC Util     0.254112  1.000000 -0.082179   -0.051690    0.064142
heapSize    0.476415 -0.082179  1.000000    0.043279    0.057222
numThreads -0.014082 -0.051690  0.043279    1.000000   -0.005743
GCInterval  0.137237  0.064142  0.057222   -0.005743    1.000000
R Means Squared
25.921758980680348
