
GC Util
3.702051739518287
1121
100.0
0.0
0.0
9.6557942116656
-2.1785229689890646
0.029468747654371515
heapSize
100.63320249776986
1121
105.47
100.0
100.0
1.4424916448857448
numThreads
99.68777876895629
1121
100.0
12.5
100.0
5.219787434876906
GCInterval
123.13608385370205
1121
162.85
0.0
121.25
28.417695975585698
Correlation
                Time   GC Util  heapSize  numThreads  GCInterval
Time        1.000000 -0.154443  0.707125    0.067278    0.160211
GC Util    -0.154443  1.000000  0.076011   -0.249857   -0.226515
heapSize    0.707125  0.076011  1.000000    0.026280   -0.110914
numThreads  0.067278 -0.249857  0.026280    1.000000    0.154394
GCInterval  0.160211 -0.226515 -0.110914    0.154394    1.000000
R Means Squared
37.559183152356454
