
GC Util
40.504731861198735
317
139.0
0.0
33.0
34.38718681106583
-19.602881272692848
8.335402014547373e-69
heapSize
108.36984227129336
317
121.09
100.0
107.03
6.499265219450922
numThreads
97.2397476340694
317
100.0
12.5
100.0
15.318070653437555
GCInterval
99.6845425867508
317
100
0
100.0
5.6165595630173035
Correlation
                Time   GC Util  heapSize  numThreads  GCInterval
Time        1.000000  0.546703  0.991554    0.080381    0.069227
GC Util     0.546703  1.000000  0.550996    0.083608    0.066367
heapSize    0.991554  0.550996  1.000000    0.063299    0.072560
numThreads  0.080381  0.083608  0.063299    1.000000   -0.010153
GCInterval  0.069227  0.066367  0.072560   -0.010153    1.000000
R Means Squared
34.33661536281834
