
GC Util
8.429652042360061
661
48.0
0.0
2.0
13.452609233222095
0.8697783770619337
0.3845839677934315
heapSize
100.09440242057488
661
101.56
100.0
100.0
0.3722439916606656
numThreads
99.73524962178517
661
100.0
12.5
100.0
4.809423937628806
GCInterval
115.84349470499244
661
159.25
0.0
120.45
30.63822867108779
Correlation
                Time   GC Util  heapSize  numThreads  GCInterval
Time        1.000000 -0.217432  0.159555    0.077766    0.539130
GC Util    -0.217432  1.000000  0.033425   -0.145775   -0.307769
heapSize    0.159555  0.033425  1.000000    0.013982    0.082290
numThreads  0.077766 -0.145775  0.013982    1.000000    0.118751
GCInterval  0.539130 -0.307769  0.082290    0.118751    1.000000
R Means Squared
34.313055520057404
