
GC Util
52.85845511482255
7185
148.0
0.0
49.0
28.51787293884279
-68.8328989134738
0.0
heapSize
348.04603479471115
7185
584.38
100.0
350.0
130.4995976970794
numThreads
99.90257480862908
7185
100.0
12.5
100.0
2.9182868055521825
GCInterval
99.98608211551844
7185
100
0
100.0
1.179740839403248
Correlation
                Time   GC Util  heapSize  numThreads  GCInterval
Time        1.000000  0.036725  0.994194   -0.040753    0.030206
GC Util     0.036725  1.000000  0.016238    0.001590    0.021870
heapSize    0.994194  0.016238  1.000000   -0.039977    0.022427
numThreads -0.040753  0.001590 -0.039977    1.000000   -0.000394
GCInterval  0.030206  0.021870  0.022427   -0.000394    1.000000
R Means Squared
31.280916787160077
