
GC Util
28.870090634441087
331
132.0
0.0
31.0
31.1464485011403
-24.560578887775833
1.576778717506843e-97
heapSize
105.8816918429003
331
114.06
100.0
106.25
4.48308600846525
numThreads
86.78247734138972
331
100.0
12.5
100.0
31.381611985586062
GCInterval
99.69788519637463
331
100
0
100.0
5.496497099293129
Correlation
                Time   GC Util  heapSize  numThreads  GCInterval
Time        1.000000  0.242345  0.991628   -0.184894    0.069274
GC Util     0.242345  1.000000  0.239933   -0.319697    0.051102
heapSize    0.991628  0.239933  1.000000   -0.193851    0.072331
numThreads -0.184894 -0.319697 -0.193851    1.000000   -0.023221
GCInterval  0.069274  0.051102  0.072331   -0.023221    1.000000
R Means Squared
33.03097511761565
