
GC Util
77.26212154859724
13509
246.0
0.0
71.0
44.966518347023644
-93.2226632373064
0.0
heapSize
544.0806795469687
13509
967.19
100.0
545.31
240.48221626859248
numThreads
99.8445480790584
13509
100.0
12.5
100.0
3.68495358935925
GCInterval
99.9925975275742
13509
100
0
100.0
0.8603762215327786
Correlation
                Time   GC Util  heapSize  numThreads  GCInterval
Time        1.000000  0.650149  0.994118    0.007190    0.018439
GC Util     0.650149  1.000000  0.635104    0.019636    0.014784
heapSize    0.994118  0.635104  1.000000    0.005038    0.015889
numThreads  0.007190  0.019636  0.005038    1.000000   -0.000363
GCInterval  0.018439  0.014784  0.015889   -0.000363    1.000000
R Means Squared
58.397806443978304
