
GC Util
19.992510283013075
16289
136.0
0.0
16.0
15.191567104524312
-358.62687169331
0.0
heapSize
495.29129105531337
16289
892.19
100.0
495.31
229.60210550529573
numThreads
99.80661796304254
16289
100.0
12.5
100.0
4.1090836185406525
GCInterval
99.99386088771564
16289
100
0
100.0
0.7835248741656949
Correlation
                Time   GC Util  heapSize  numThreads  GCInterval
Time        1.000000 -0.243682  0.990536    0.066819    0.016613
GC Util    -0.243682  1.000000 -0.258346   -0.074205    0.010312
heapSize    0.990536 -0.258346  1.000000    0.070993    0.013490
numThreads  0.066819 -0.074205  0.070993    1.000000   -0.000369
GCInterval  0.016613  0.010312  0.013490   -0.000369    1.000000
R Means Squared
25.121090497736056
