
GC Util
50.10909090909091
2145
159.0
0.0
46.0
28.85309607865831
-107.3210141922223
0.0
heapSize
225.00005594405593
2145
353.91
100.0
225.0
75.4936466783983
numThreads
99.91841491841492
2145
100.0
12.5
100.0
2.6712104042283777
GCInterval
99.95337995337995
2145
100
0
100.0
2.1591675854376526
Correlation
                Time   GC Util  heapSize  numThreads  GCInterval
Time        1.000000  0.335020  0.986624    0.040337    0.032603
GC Util     0.335020  1.000000  0.349711    0.023414    0.037516
heapSize    0.986624  0.349711  1.000000    0.049012    0.035768
numThreads  0.040337  0.023414  0.049012    1.000000   -0.000660
GCInterval  0.032603  0.037516  0.035768   -0.000660    1.000000
R Means Squared
30.56643191324038
