
GC Util
64.79374494472904
11127
160.0
0.0
66.0
26.471128090512856
-283.9458264835153
0.0
heapSize
369.27770288487466
11127
646.88
100.0
368.75
156.85642452625711
numThreads
97.75096611845062
11127
100.0
12.5
100.0
13.847365960761334
GCInterval
99.99101285162217
11127
100
0
100.0
0.9480057161124987
Correlation
                Time   GC Util  heapSize  numThreads  GCInterval
Time        1.000000  0.065378  0.995461   -0.004697    0.018242
GC Util     0.065378  1.000000  0.059120    0.048424    0.023207
heapSize    0.995461  0.059120  1.000000   -0.004636    0.016276
numThreads -0.004697  0.048424 -0.004636    1.000000   -0.001540
GCInterval  0.018242  0.023207  0.016276   -0.001540    1.000000
R Means Squared
36.2682703746204
