
GC Util
3.282589676290464
1143
50.0
0.0
0.0
8.164021467857255
-3.0652118363331367
0.0022002872584892556
heapSize
100.26750656167978
1143
103.12
100.0
100.0
0.6302358228333875
numThreads
99.84689413823273
1143
100.0
12.5
100.0
3.658555990943836
GCInterval
106.62524059492563
1143
122.05
0.0
107.65
19.404849455923053
Correlation
                Time   GC Util  heapSize  numThreads  GCInterval
Time        1.000000 -0.264745  0.711865   -0.057877    0.220028
GC Util    -0.264745  1.000000 -0.048157   -0.003681   -0.292374
heapSize    0.711865 -0.048157  1.000000   -0.085899    0.023462
numThreads -0.057877 -0.003681 -0.085899    1.000000    0.006854
GCInterval  0.220028 -0.292374  0.023462    0.006854    1.000000
R Means Squared
37.61331087335497
