
GC Util
34.102379524095184
5001
786.0
0.0
27.0
46.639360162171315
-0.8802137400166549
0.3787654080883416
heapSize
307.90422715456907
5001
925.0
100.0
253.12
198.344524118332
numThreads
99.37012597480503
5001
100.0
12.5
100.0
7.397849644601273
GCInterval
99.78315336932614
5001
112.45
0.0
102.05
11.372758136629528
Correlation
                Time   GC Util  heapSize  numThreads  GCInterval
Time        1.000000  0.033798  0.940177    0.017884    0.093080
GC Util     0.033798  1.000000  0.018519   -0.011682   -0.144621
heapSize    0.940177  0.018519  1.000000    0.014817    0.034385
numThreads  0.017884 -0.011682  0.014817    1.000000   -0.002664
GCInterval  0.093080 -0.144621  0.034385   -0.002664    1.000000
R Means Squared
47.0061366698336
