
GC Util
20.479645936102532
21691
141.0
0.0
15.0
17.045927930114374
-132.27528131795887
0.0
heapSize
417.7753741182979
21691
693.75
100.0
430.47
180.7391486755106
numThreads
99.73376054584851
21691
100.0
12.5
100.0
4.819350533466127
GCInterval
99.9953897930017
21691
100
0
100.0
0.6789850512562279
Correlation
                Time   GC Util  heapSize  numThreads  GCInterval
Time        1.000000 -0.354462  0.983276    0.053301    0.022773
GC Util    -0.354462  1.000000 -0.385083   -0.030463   -0.010166
heapSize    0.983276 -0.385083  1.000000    0.057883    0.011938
numThreads  0.053301 -0.030463  0.057883    1.000000   -0.000375
GCInterval  0.022773 -0.010166  0.011938   -0.000375    1.000000
R Means Squared
25.915140095944494
