
GC Util
70.49953227315248
3207
3354.0
0.0
32.0
162.3870015960851
9.820634375571593
1.3573240286632558e-22
heapSize
188.86199563454943
3207
535.16
100.0
139.06
109.34520962903314
numThreads
98.74493295915185
3207
100.0
12.5
100.0
10.405620379566582
GCInterval
88.70965076395385
3207
120.05
0.0
100.05
24.57737723102487
Correlation
                Time   GC Util  heapSize  numThreads  GCInterval
Time        1.000000  0.244077  0.858291    0.045983   -0.449303
GC Util     0.244077  1.000000  0.270148    0.024664   -0.318389
heapSize    0.858291  0.270148  1.000000    0.052813   -0.572099
numThreads  0.045983  0.024664  0.052813    1.000000   -0.049353
GCInterval -0.449303 -0.318389 -0.572099   -0.049353    1.000000
R Means Squared
165.20150502413364
