
GC Util
58.225352112676056
497
142.0
0.0
48.0
33.04202970373187
-31.05171606321251
5.340739652268022e-155
heapSize
114.78857142857143
497
132.81
100.0
114.06
10.287135785669939
numThreads
96.47887323943662
497
100.0
12.5
100.0
17.213263135155668
GCInterval
99.79879275653923
497
100
0
100.0
4.485613040162565
Correlation
                Time   GC Util  heapSize  numThreads  GCInterval
Time        1.000000  0.546573  0.858610   -0.078315    0.122138
GC Util     0.546573  1.000000  0.331480    0.062191    0.079203
heapSize    0.858610  0.331480  1.000000   -0.036910    0.064614
numThreads -0.078315  0.062191 -0.036910    1.000000   -0.009194
GCInterval  0.122138  0.079203  0.064614   -0.009194    1.000000
R Means Squared
37.706000248347344
