
GC Util
41.29824561403509
741
117.0
0.0
36.0
20.56042800188443
-6.298421728860987
3.9046322293240504e-10
heapSize
122.30510121457488
741
142.19
100.0
123.44
13.757883416594526
numThreads
99.527665317139
741
100.0
12.5
100.0
6.415741079247519
GCInterval
99.86504723346829
741
100
0
100.0
3.673591791853226
Correlation
                Time   GC Util  heapSize  numThreads  GCInterval
Time        1.000000  0.400669  0.744060   -0.019949    0.107138
GC Util     0.400669  1.000000  0.411467    0.054853    0.073888
heapSize    0.744060  0.411467  1.000000   -0.006081    0.059639
numThreads -0.019949  0.054853 -0.006081    1.000000   -0.002708
GCInterval  0.107138  0.073888  0.059639   -0.002708    1.000000
R Means Squared
20.5875242281862
