
GC Util
41.39858156028369
705
137.0
0.0
28.0
28.12287867205903
-38.08257995370116
2.098562150561773e-229
heapSize
114.89339007092198
705
131.25
100.0
114.06
9.81635659575171
numThreads
98.01418439716312
705
100.0
12.5
100.0
13.04057578095783
GCInterval
99.8581560283688
705
100
0
100.0
3.7662178857735467
Correlation
                Time   GC Util  heapSize  numThreads  GCInterval
Time        1.000000  0.301577  0.859437   -0.010359    0.118130
GC Util     0.301577  1.000000  0.163417   -0.111033    0.055520
heapSize    0.859437  0.163417  1.000000    0.040249    0.057222
numThreads -0.010359 -0.111033  0.040249    1.000000   -0.005743
GCInterval  0.118130  0.055520  0.057222   -0.005743    1.000000
R Means Squared
28.13770595577935
