
GC Util
57.10566527317284
6937
3882.0
0.0
39.0
112.23771780494081
10.406254185328658
2.915846219646479e-25
heapSize
176.81412426120804
6937
614.06
100.0
100.0
124.19117144145203
numThreads
96.46821392532794
6937
100.0
12.5
100.0
17.222094093544978
GCInterval
93.42539282110424
6937
121.25
0.0
100.45
19.579900940535936
Correlation
                Time   GC Util  heapSize  numThreads  GCInterval
Time        1.000000  0.222405  0.891306    0.145396   -0.435368
GC Util     0.222405  1.000000  0.225298    0.021078   -0.333814
heapSize    0.891306  0.225298  1.000000    0.110114   -0.466051
numThreads  0.145396  0.021078  0.110114    1.000000   -0.060295
GCInterval -0.435368 -0.333814 -0.466051   -0.060295    1.000000
R Means Squared
113.525737715413
