
GC Util
50.41586854886297
22031
177.0
0.0
48.0
30.173700353547314
-67.95952845209499
0.0
heapSize
383.1573836866234
22031
656.25
100.0
382.81
156.9774343755557
numThreads
98.4192728428124
22031
100.0
12.5
100.0
11.654230687069898
GCInterval
99.99546094140075
22031
100
0
100.0
0.67372535941929
Correlation
                Time   GC Util  heapSize  numThreads  GCInterval
Time        1.000000  0.450397  0.979136    0.028349    0.008787
GC Util     0.450397  1.000000  0.429489    0.003790    0.011257
heapSize    0.979136  0.429489  1.000000    0.017802    0.012153
numThreads  0.028349  0.003790  0.017802    1.000000   -0.000914
GCInterval  0.008787  0.011257  0.012153   -0.000914    1.000000
R Means Squared
31.920231588982784
