
GC Util
35.478079331941544
1437
130.0
0.0
19.0
29.722563007591052
-115.13755954671937
0.0
heapSize
149.21389004871259
1437
210.16
100.0
149.22
30.507076597587613
numThreads
99.3910925539318
1437
100.0
12.5
100.0
7.276364319164903
GCInterval
99.93041057759221
1437
100
0
100.0
2.637980712738325
Correlation
                Time   GC Util  heapSize  numThreads  GCInterval
Time        1.000000  0.321356  0.973924    0.017401    0.032052
GC Util     0.321356  1.000000  0.348932   -0.000344    0.031510
heapSize    0.973924  0.348932  1.000000    0.025720    0.042585
numThreads  0.017401 -0.000344  0.025720    1.000000   -0.002209
GCInterval  0.032052  0.031510  0.042585   -0.002209    1.000000
R Means Squared
30.054346506136604
