
GC Util
21.757328385899815
2695
264.0
0.0
10.0
26.803564433792907
-2.826783064331101
0.004718854439482929
heapSize
125.03173283858999
2695
171.88
100.0
128.91
20.68860735923528
numThreads
98.50649350649351
2695
100.0
12.5
100.0
11.335737163139758
GCInterval
102.28135435992579
2695
121.25
0.0
104.85
15.410982445624342
Correlation
                Time   GC Util  heapSize  numThreads  GCInterval
Time        1.000000  0.087327  0.819138    0.042164    0.060844
GC Util     0.087327  1.000000  0.130062   -0.089705   -0.054782
heapSize    0.819138  0.130062  1.000000    0.018602   -0.017970
numThreads  0.042164 -0.089705  0.018602    1.000000    0.007110
GCInterval  0.060844 -0.054782 -0.017970    0.007110    1.000000
R Means Squared
32.41850636181413
