
GC Util
66.06246955674622
8212
157.0
0.0
66.0
27.15217124830773
-243.9126274329458
0.0
heapSize
281.93687043351196
8212
480.47
100.0
277.34
108.81536440537577
numThreads
98.97710667316123
8212
100.0
12.5
100.0
9.405723167845167
GCInterval
99.98782269849002
8212
100
0
100.0
1.1035081109799505
Correlation
                Time   GC Util  heapSize  numThreads  GCInterval
Time        1.000000 -0.096955  0.996843   -0.048599    0.021822
GC Util    -0.096955  1.000000 -0.105092    0.056581    0.026852
heapSize    0.996843 -0.105092  1.000000   -0.050218    0.018453
numThreads -0.048599  0.056581 -0.050218    1.000000   -0.001200
GCInterval  0.021822  0.026852  0.018453   -0.001200    1.000000
R Means Squared
37.63512916022695
