
GC Util
30.533013205282113
833
146.0
0.0
24.0
28.206257449351625
-19.23523615489361
8.286475662705874e-76
heapSize
116.6264825930372
833
131.25
100.0
117.19
9.942349251893724
numThreads
90.33613445378151
833
100.0
12.5
100.0
27.442704350315466
GCInterval
99.87995198079231
833
100
0
100.0
3.4647946433761856
Correlation
                Time   GC Util  heapSize  numThreads  GCInterval
Time        1.000000  0.101027  0.978349   -0.051241    0.086940
GC Util     0.101027  1.000000  0.056467   -0.055836    0.037551
heapSize    0.978349  0.056467  1.000000   -0.031948    0.058011
numThreads -0.051241 -0.055836 -0.031948    1.000000   -0.012216
GCInterval  0.086940  0.037551  0.058011   -0.012216    1.000000
R Means Squared
29.73653820944652
