
GC Util
136.7367517365176
12813
393.0
0.0
137.0
46.20438875691565
1.5373333644255318
0.12422408881230854
heapSize
100.0
12813
100
100
100.0
0.0
numThreads
99.67220791383751
12813
100.0
12.5
100.0
5.3457076396343455
GCInterval
99.99219542651994
12813
100
0
100.0
0.88343497101141
Correlation
                Time   GC Util  heapSize  numThreads  GCInterval
Time        1.000000  0.412901       NaN    0.054755    0.025071
GC Util     0.412901  1.000000       NaN    0.088851    0.026146
heapSize         NaN       NaN       NaN         NaN         NaN
numThreads  0.054755  0.088851       NaN    1.000000   -0.000542
GCInterval  0.025071  0.026146       NaN   -0.000542    1.000000
R Means Squared
107.20390879694615
