
GC Util
18.983356391229616
23853
132.0
0.0
16.0
12.578074792036404
-141.43931248440313
0.0
heapSize
593.4672041252672
23853
1044.53
100.0
606.25
269.32137277933816
numThreads
99.63316983188697
23853
100.0
12.5
100.0
5.653708110271676
GCInterval
99.99580765522157
23853
100
0
100.0
0.6474831873056301
Correlation
                Time   GC Util  heapSize  numThreads  GCInterval
Time        1.000000 -0.286613  0.989528    0.008793    0.014326
GC Util    -0.286613  1.000000 -0.301705   -0.042077    0.009772
heapSize    0.989528 -0.301705  1.000000    0.007355    0.011864
numThreads  0.008793 -0.042077  0.007355    1.000000   -0.000420
GCInterval  0.014326  0.009772  0.011864   -0.000420    1.000000
R Means Squared
24.49286919551793
