
GC Util
23.355786070321972
7423
128.0
0.0
17.0
16.757087123803306
-153.05418394715267
0.0
heapSize
278.84024787821636
7423
459.38
100.0
278.12
104.62497925788823
numThreads
99.64636939242894
7423
100.0
12.5
100.0
5.551736282930256
GCInterval
99.98652835780682
7423
100
0
100.0
1.1606740366348927
Correlation
                Time   GC Util  heapSize  numThreads  GCInterval
Time        1.000000 -0.382941  0.974213    0.066786    0.031857
GC Util    -0.382941  1.000000 -0.427963   -0.102815    0.016179
heapSize    0.974213 -0.427963  1.000000    0.077309    0.019843
numThreads  0.066786 -0.102815  0.077309    1.000000   -0.000739
GCInterval  0.031857  0.016179  0.019843   -0.000739    1.000000
R Means Squared
23.617620494972336
