
GC Util
22.707681612791102
2877
488.0
0.0
11.0
31.445944303771448
-1.8106677778732125
0.0702452756963294
heapSize
124.98813347236704
2877
167.19
100.0
125.78
20.897674850172066
numThreads
99.39172749391727
2877
100.0
12.5
100.0
7.271329066670822
GCInterval
103.80109489051095
2877
139.65
0.0
107.25
22.15084212154709
Correlation
                Time   GC Util  heapSize  numThreads  GCInterval
Time        1.000000  0.127836  0.856057   -0.016762   -0.056118
GC Util     0.127836  1.000000  0.127791   -0.051074   -0.060540
heapSize    0.856057  0.127791  1.000000   -0.008184   -0.119396
numThreads -0.016762 -0.051074 -0.008184    1.000000   -0.001771
GCInterval -0.056118 -0.060540 -0.119396   -0.001771    1.000000
R Means Squared
35.882140133153705
