
GC Util
12.304498269896193
2601
740.0
0.0
5.0
36.95749553083423
3.4401493147396525
0.0005860573084355475
heapSize
103.65314878892733
2601
137.5
100.0
100.0
7.833475776126523
numThreads
98.65436370626682
2601
100.0
12.5
100.0
10.769263116208482
GCInterval
104.44750096116876
2601
114.45
0.0
105.65
12.631945899739335
Correlation
                Time   GC Util  heapSize  numThreads  GCInterval
Time        1.000000  0.110378  0.399479   -0.097737    0.199670
GC Util     0.110378  1.000000  0.089324   -0.229640   -0.159157
heapSize    0.399479  0.089324  1.000000   -0.199749   -0.027925
numThreads -0.097737 -0.229640 -0.199749    1.000000    0.092894
GCInterval  0.199670 -0.159157 -0.027925    0.092894    1.000000
R Means Squared
46.17761540564969
