
GC Util
36.90155440414508
193
126.0
0.0
32.0
34.720395778100084
-11.565966180553502
7.034798584575507e-27
heapSize
103.88642487046633
193
109.38
100.0
102.34
3.5066413426589405
numThreads
97.27979274611398
193
100.0
12.5
100.0
15.225627927614529
GCInterval
99.48186528497409
193
100
0
100.0
7.198157507486948
Correlation
                Time   GC Util  heapSize  numThreads  GCInterval
Time        1.000000  0.618886  0.993654   -0.078874    0.085474
GC Util     0.618886  1.000000  0.613564    0.020181    0.076902
heapSize    0.993654  0.613564  1.000000   -0.081102    0.080193
numThreads -0.078874  0.020181 -0.081102    1.000000   -0.012927
GCInterval  0.085474  0.076902  0.080193   -0.012927    1.000000
R Means Squared
34.76866554279792
