
GC Util
67.20251968503938
3175
1528.0
0.0
30.0
127.1811254982443
11.004970418159154
6.697978866345741e-28
heapSize
189.90557480314962
3175
542.19
100.0
141.41
114.2887127604381
numThreads
98.84251968503936
3175
100.0
12.5
100.0
9.998562591124415
GCInterval
83.45103937007873
3175
140.85
0.0
100.05
37.40211236436179
Correlation
                Time   GC Util  heapSize  numThreads  GCInterval
Time        1.000000  0.278855  0.842778    0.103509   -0.495121
GC Util     0.278855  1.000000  0.322135    0.024552   -0.405083
heapSize    0.842778  0.322135  1.000000    0.065425   -0.609933
numThreads  0.103509  0.024552  0.065425    1.000000   -0.023144
GCInterval -0.495121 -0.405083 -0.609933   -0.023144    1.000000
R Means Squared
130.03815309301544
