
GC Util
50.96209912536443
343
135.0
0.0
35.0
40.30216670595792
-15.588146543370376
1.3594616259971738e-47
heapSize
106.18600583090378
343
114.06
100.0
106.25
4.678496543377866
numThreads
99.48979591836735
343
100.0
12.5
100.0
6.67175557652173
GCInterval
99.70845481049562
343
100
0
100.0
5.39949247156039
Correlation
                Time   GC Util  heapSize  numThreads  GCInterval
Time        1.000000  0.500542  0.696257   -0.104625    0.127293
GC Util     0.500542  1.000000  0.606915    0.039891    0.068476
heapSize    0.696257  0.606915  1.000000   -0.001049    0.071602
numThreads -0.104625  0.039891 -0.001049    1.000000   -0.004141
GCInterval  0.127293  0.068476  0.071602   -0.004141    1.000000
R Means Squared
41.70967265518774
