
GC Util
22.494497275349932
9359
130.0
0.0
17.0
16.039068121276248
-90.95533147044539
0.0
heapSize
309.8831862378459
9359
517.19
100.0
308.59
119.60450738635458
numThreads
99.53253552729993
9359
100.0
12.5
100.0
6.378790316685941
GCInterval
99.98931509776685
9359
100
0
100.0
1.0336780075606027
Correlation
                Time   GC Util  heapSize  numThreads  GCInterval
Time        1.000000 -0.367127  0.962071    0.042772    0.027676
GC Util    -0.367127  1.000000 -0.409378   -0.042888    0.014499
heapSize    0.962071 -0.409378  1.000000    0.052034    0.018141
numThreads  0.042772 -0.042888  0.052034    1.000000   -0.000758
GCInterval  0.027676  0.014499  0.018141   -0.000758    1.000000
R Means Squared
23.741668954569526
