
GC Util
49.06344410876133
331
139.0
0.0
36.0
37.43704483908937
-16.499446351918753
3.3187107917537502e-52
heapSize
105.88169184290031
331
114.06
100.0
106.25
4.48308600846525
numThreads
98.41389728096676
331
100.0
12.5
100.0
11.691073527256588
GCInterval
99.69788519637463
331
100
0
100.0
5.496497099293129
Correlation
                Time   GC Util  heapSize  numThreads  GCInterval
Time        1.000000  0.475679  0.992756    0.056233    0.068840
GC Util     0.475679  1.000000  0.486198    0.003865    0.072253
heapSize    0.992756  0.486198  1.000000    0.067943    0.072331
numThreads  0.056233  0.003865  0.067943    1.000000   -0.007480
GCInterval  0.068840  0.072253  0.072331   -0.007480    1.000000
R Means Squared
38.46354259245148
