
GC Util
59.790645879732736
449
155.0
0.0
50.0
34.70250868069474
-3.5692062068733956
0.0003725831204048023
heapSize
121.71510022271715
449
146.88
100.0
119.53
15.358130032053083
numThreads
99.22048997772829
449
100.0
12.5
100.0
8.231062069690656
GCInterval
99.77728285077951
449
100
0
100.0
4.719291781830087
Correlation
                Time   GC Util  heapSize  numThreads  GCInterval
Time        1.000000  0.619140  0.866642    0.069340    0.123912
GC Util     0.619140  1.000000  0.405147    0.059600    0.081492
heapSize    0.866642  0.405147  1.000000    0.073853    0.066876
numThreads  0.069340  0.059600  0.073853    1.000000   -0.004479
GCInterval  0.123912  0.081492  0.066876   -0.004479    1.000000
R Means Squared
39.91555674644435
