
GC Util
33.797283176593524
8613
3321.0
0.0
9.0
111.63884632335615
13.874075689427086
1.6004636126197175e-43
heapSize
256.9416927899686
8613
496.09
100.0
201.56
143.33647831391065
numThreads
95.46905840009288
8613
100.0
12.5
100.0
19.389987360854917
GCInterval
100.42542087542088
8613
114.45
0.0
104.45
15.011946943850262
Correlation
                Time   GC Util  heapSize  numThreads  GCInterval
Time        1.000000 -0.012247  0.877532    0.000544    0.064247
GC Util    -0.012247  1.000000  0.030271   -0.102934   -0.297009
heapSize    0.877532  0.030271  1.000000   -0.062505   -0.070304
numThreads  0.000544 -0.102934 -0.062505    1.000000    0.186178
GCInterval  0.064247 -0.297009 -0.070304    0.186178    1.000000
R Means Squared
111.80455571550489
