
GC Util
126.14537634408602
2325
323.0
0.0
130.0
54.581283882447515
15.335122676546725
8.747869617781624e-52
heapSize
100.0
2325
100
100
100.0
0.0
numThreads
99.54838709677419
2325
100.0
12.5
100.0
6.271290979995385
GCInterval
99.95698924731182
2325
100
0
100.0
2.0739033894608503
Correlation
                Time   GC Util  heapSize  numThreads  GCInterval
Time        1.000000  0.247056       NaN    0.042654    0.030450
GC Util     0.247056  1.000000       NaN    0.081368    0.047952
heapSize         NaN       NaN       NaN         NaN         NaN
numThreads  0.042654  0.081368       NaN    1.000000   -0.001494
GCInterval  0.030450  0.047952       NaN   -0.001494    1.000000
R Means Squared
101.97480608105522
