
GC Util
17.132682507521334
16287
142.0
0.0
16.0
15.24949950781769
-361.4110022868505
0.0
heapSize
495.24255295634555
16287
892.19
100.0
495.31
229.57406891922847
numThreads
93.64984343341315
16287
100.0
12.5
100.0
22.701230202386686
GCInterval
99.99386013384908
16287
100
0
100.0
0.7835729800674542
Correlation
                Time   GC Util  heapSize  numThreads  GCInterval
Time        1.000000 -0.111587  0.992303    0.066968    0.016946
GC Util    -0.111587  1.000000 -0.113761    0.270711    0.008804
heapSize    0.992303 -0.113761  1.000000    0.073367    0.013491
numThreads  0.066968  0.270711  0.073367    1.000000   -0.002192
GCInterval  0.016946  0.008804  0.013491   -0.002192    1.000000
R Means Squared
27.485399150308357
