
GC Util
62.19366469224826
3883
165.0
0.0
64.0
26.879280396229387
-129.2880402869099
0.0
heapSize
331.1739273757404
3883
576.56
100.0
330.47
136.99302611492138
numThreads
99.86479526139583
3883
100.0
12.5
100.0
3.4373212102718074
GCInterval
99.97424671645635
3883
100
0
100.0
1.6047829617631106
Correlation
                Time   GC Util  heapSize  numThreads  GCInterval
Time        1.000000  0.148480  0.988458    0.019555    0.037103
GC Util     0.148480  1.000000  0.131647    0.026631    0.037141
heapSize    0.988458  0.131647  1.000000    0.017031    0.027087
numThreads  0.019555  0.026631  0.017031    1.000000   -0.000631
GCInterval  0.037103  0.037141  0.027087   -0.000631    1.000000
R Means Squared
34.8549623543204
