
GC Util
49.6096748751205
11411
177.0
0.0
45.0
31.025354325674282
-261.4561201661736
0.0
heapSize
376.20140040311975
11411
654.69
100.0
376.56
160.84280958440846
numThreads
96.82543160108668
11411
100.0
12.5
100.0
16.362160981516013
GCInterval
99.99123652615897
11411
100
0
100.0
0.9361342767482975
Correlation
                Time   GC Util  heapSize  numThreads  GCInterval
Time        1.000000  0.441192  0.977730   -0.044268    0.012142
GC Util     0.441192  1.000000  0.415777   -0.027306    0.014970
heapSize    0.977730  0.415777  1.000000   -0.057703    0.016077
numThreads -0.044268 -0.027306 -0.057703    1.000000   -0.001816
GCInterval  0.012142  0.014970  0.016077   -0.001816    1.000000
R Means Squared
32.47820973268369
