
GC Util
55.51155691234191
11465
157.0
0.0
55.0
29.180587590749592
-83.43617146476208
0.0
heapSize
252.01125861317053
11465
398.44
100.0
253.12
82.05072008604199
numThreads
98.47361535106847
11465
100.0
12.5
100.0
11.456013866951814
GCInterval
99.99127780200611
11465
100
0
100.0
0.93392708462141
Correlation
                Time   GC Util  heapSize  numThreads  GCInterval
Time        1.000000  0.037614  0.994970    0.012455    0.022938
GC Util     0.037614  1.000000  0.037821    0.041379    0.017768
heapSize    0.994970  0.037821  1.000000    0.013949    0.017304
numThreads  0.012455  0.041379  0.013949    1.000000   -0.001244
GCInterval  0.022938  0.017768  0.017304   -0.001244    1.000000
R Means Squared
33.04604091092625
