
GC Util
13.9392497422476
12609
457.0
0.0
7.0
21.842932378695554
-15.485440449335016
7.859491607514568e-54
heapSize
187.71869616940282
12609
269.53
100.0
192.97
44.04251959394625
numThreads
95.90570227615196
12609
100.0
12.5
100.0
18.480120724521502
GCInterval
104.33661273693394
12609
113.65
0.0
104.85
7.58415840388849
Correlation
                Time   GC Util  heapSize  numThreads  GCInterval
Time        1.000000 -0.179138  0.950045    0.058744    0.212485
GC Util    -0.179138  1.000000 -0.177017   -0.246954   -0.077648
heapSize    0.950045 -0.177017  1.000000    0.043735    0.220799
numThreads  0.058744 -0.246954  0.043735    1.000000    0.121924
GCInterval  0.212485 -0.077648  0.220799    0.121924    1.000000
R Means Squared
34.00350805077179
