
GC Util
36.33512866546978
1671
136.0
0.0
19.0
29.76575543095876
-122.85607029477933
0.0
heapSize
138.5509395571514
1671
184.38
100.0
139.06
23.703498857737006
numThreads
98.3243566726511
1671
100.0
12.5
100.0
11.995712774159507
GCInterval
99.94015559545183
1671
100
0
100.0
2.446311602150771
Correlation
                Time   GC Util  heapSize  numThreads  GCInterval
Time        1.000000  0.298127  0.977436    0.049397    0.030912
GC Util     0.298127  1.000000  0.309469   -0.018090    0.029880
heapSize    0.977436  0.309469  1.000000    0.039015    0.039810
numThreads  0.049397 -0.018090  0.039015    1.000000   -0.003419
GCInterval  0.030912  0.029880  0.039810   -0.003419    1.000000
R Means Squared
29.981682019734908
