
GC Util
80.82638987629745
7033
252.0
0.0
73.0
43.78212459789819
-209.12013989497683
0.0
heapSize
523.3657329731267
7033
963.28
100.0
521.88
247.93374342648866
numThreads
99.8009384331011
7033
100.0
12.5
100.0
4.169020617316972
GCInterval
99.98578131665008
7033
100
0
100.0
1.1924212070372535
Correlation
                Time   GC Util  heapSize  numThreads  GCInterval
Time        1.000000  0.686581  0.997049    0.030931    0.023741
GC Util     0.686581  1.000000  0.670557    0.040168    0.022016
heapSize    0.997049  0.670557  1.000000    0.032922    0.020364
numThreads  0.030931  0.040168  0.032922    1.000000   -0.000569
GCInterval  0.023741  0.022016  0.020364   -0.000569    1.000000
R Means Squared
59.86147333912936
