
GC Util
31.96199007384094
8261
1470.0
0.0
10.0
89.10921697685369
15.398535662668072
4.007176608177404e-53
heapSize
263.0125142234597
8261
450.78
100.0
217.19
136.35210609581753
numThreads
99.661057983295
8261
100.0
12.5
100.0
5.435634401821878
GCInterval
100.57147439777268
8261
114.45
0.0
104.45
14.22504469386986
Correlation
                Time   GC Util  heapSize  numThreads  GCInterval
Time        1.000000 -0.009618  0.867825    0.019708    0.052351
GC Util    -0.009618  1.000000  0.063523    0.001592   -0.381394
heapSize    0.867825  0.063523  1.000000    0.016403   -0.116877
numThreads  0.019708  0.001592  0.016403    1.000000    0.046784
GCInterval  0.052351 -0.381394 -0.116877    0.046784    1.000000
R Means Squared
89.46564120544093
