
GC Util
68.47027799142951
9101
216.0
0.0
69.0
29.609508441233935
-253.15679971578788
0.0
heapSize
429.7170376881661
9101
770.31
100.0
430.47
192.4338575498902
numThreads
98.96165256565213
9101
100.0
12.5
100.0
9.475605560662292
GCInterval
99.98901219646193
9101
100
0
100.0
1.0482272434006257
Correlation
                Time   GC Util  heapSize  numThreads  GCInterval
Time        1.000000  0.376307  0.996792    0.038171    0.020280
GC Util     0.376307  1.000000  0.360777    0.076383    0.024242
heapSize    0.996792  0.360777  1.000000    0.036847    0.017962
numThreads  0.038171  0.076383  0.036847    1.000000   -0.001149
GCInterval  0.020280  0.024242  0.017962   -0.001149    1.000000
R Means Squared
41.075337934593435
