
GC Util
31.956548473047757
4879
952.0
0.0
26.0
41.1570328207725
-3.4448823232247245
0.0005737645902405512
heapSize
315.6604468128715
4879
1011.72
100.0
250.78
213.64684137972796
numThreads
99.4261119081779
4879
100.0
12.5
100.0
7.063716245445175
GCInterval
103.97143881943022
4879
151.65
0.0
108.45
25.768924159477795
Correlation
                Time   GC Util  heapSize  numThreads  GCInterval
Time        1.000000  0.051674  0.936200    0.033744   -0.003302
GC Util     0.051674  1.000000  0.032525   -0.023532   -0.218671
heapSize    0.936200  0.032525  1.000000    0.036080   -0.038607
numThreads  0.033744 -0.023532  0.036080    1.000000    0.031366
GCInterval -0.003302 -0.218671 -0.038607    0.031366    1.000000
R Means Squared
41.93150702038033
