
GC Util
45.54231227651967
839
141.0
0.0
34.0
29.70262815357146
-13.930036455994571
3.541839182511631e-42
heapSize
116.69370679380214
839
132.81
100.0
118.75
9.940265177757702
numThreads
96.87127532777116
839
100.0
12.5
100.0
16.256982995140735
GCInterval
99.880810488677
839
100
0
100.0
3.4523833987986254
Correlation
                Time   GC Util  heapSize  numThreads  GCInterval
Time        1.000000  0.203846  0.873050   -0.094192    0.115474
GC Util     0.203846  1.000000  0.129127   -0.055731    0.052998
heapSize    0.873050  0.129127  1.000000   -0.094342    0.058049
numThreads -0.094192 -0.055731 -0.094342    1.000000   -0.006652
GCInterval  0.115474  0.052998  0.058049   -0.006652    1.000000
R Means Squared
30.197877404904155
