
GC Util
17.212665985699694
4895
144.0
0.0
7.0
26.064949897138742
-80.48391112513931
0.0
heapSize
183.17989376915222
4895
279.69
100.0
181.25
47.435373537444114
numThreads
99.53524004085801
4895
100.0
12.5
100.0
6.3607200794475345
GCInterval
99.97957099080695
4895
100
0
100.0
1.4293008498232316
Correlation
                Time   GC Util  heapSize  numThreads  GCInterval
Time        1.000000 -0.249652  0.978953   -0.029326    0.027966
GC Util    -0.249652  1.000000 -0.261676    0.026478    0.009441
heapSize    0.978953 -0.261676  1.000000   -0.026470    0.025069
numThreads -0.029326  0.026478 -0.026470    1.000000   -0.001045
GCInterval  0.027966  0.009441  0.025069   -0.001045    1.000000
R Means Squared
34.61943693486993
