
GC Util
57.11330049261084
609
192.0
0.0
47.0
32.37087664927812
-4.969605560494481
7.582463742362993e-07
heapSize
106.19875205254517
609
112.5
100.0
106.25
4.099539899480685
numThreads
99.13793103448276
609
100.0
12.5
100.0
8.64931867117284
GCInterval
99.83579638752053
609
100
0
100.0
4.052204492365538
Correlation
                Time   GC Util  heapSize  numThreads  GCInterval
Time        1.000000  0.497380  0.819151   -0.040687    0.125973
GC Util     0.497380  1.000000  0.382290   -0.039743    0.071612
heapSize    0.819151  0.382290  1.000000   -0.045650    0.061373
numThreads -0.040687 -0.039743 -0.045650    1.000000   -0.004045
GCInterval  0.125973  0.071612  0.061373   -0.004045    1.000000
R Means Squared
36.59259573188779
