
GC Util
11.214965123652505
1577
130.0
0.0
7.0
15.594360859739744
4.117439125842971
3.9310224605770473e-05
heapSize
100.46147114774888
1577
107.81
100.0
100.0
1.7097099501198587
numThreads
99.77805960684844
1577
100.0
12.5
100.0
4.402592168948815
GCInterval
101.05488268864933
1577
106.45
0.0
102.85
13.484694449373158
Correlation
                Time   GC Util  heapSize  numThreads  GCInterval
Time        1.000000 -0.218947  0.017713    0.045296    0.357593
GC Util    -0.218947  1.000000  0.041933   -0.009009   -0.043131
heapSize    0.017713  0.041933  1.000000    0.013615    0.027562
numThreads  0.045296 -0.009009  0.013615    1.000000   -0.004471
GCInterval  0.357593 -0.043131  0.027562   -0.004471    1.000000
R Means Squared
32.735426019485914
