
GC Util
109.22660463861921
59328
15822.0
0.0
137.0
122.72100767595887
33.24025014538033
1.6048218726967407e-241
heapSize
99.99831445523193
59328
100
0
100.0
0.41055386590178883
numThreads
99.99831445523193
59328
100
0
100.0
0.41055386590178883
GCInterval
0.0
59328
0
0
0.0
0.0
Correlation
                Time   GC Util  heapSize  numThreads  GCInterval
Time        1.000000  0.080639  0.007499    0.007499         NaN
GC Util     0.080639  1.000000  0.003654    0.003654         NaN
heapSize    0.007499  0.003654  1.000000    1.000000         NaN
numThreads  0.007499  0.003654  1.000000    1.000000         NaN
GCInterval       NaN       NaN       NaN         NaN         NaN
R Means Squared
140.89895196288538
