
GC Util
48.82807271411775
11057
184.0
0.0
54.0
37.43254686716995
-293.9322181307918
0.0
heapSize
367.58415845165956
11057
643.75
100.0
367.19
155.89593924767286
numThreads
85.58153206113774
11057
100.0
12.5
100.0
32.46257899195429
GCInterval
99.9909559555033
11057
100
0
100.0
0.9510018137048382
Correlation
                Time   GC Util  heapSize  numThreads  GCInterval
Time        1.000000  0.255808  0.995885    0.153863    0.018282
GC Util     0.255808  1.000000  0.251151    0.447887    0.012406
heapSize    0.995885  0.251151  1.000000    0.151596    0.016325
numThreads  0.153863  0.447887  0.151596    1.000000   -0.004224
GCInterval  0.018282  0.012406  0.016325   -0.004224    1.000000
R Means Squared
38.457817255510534
