
GC Util
39.469440832249674
769
166.0
0.0
33.0
23.163468337926698
-36.574076356701745
3.9562492065514125e-213
heapSize
108.22470741222365
769
117.19
100.0
107.81
5.364425567158427
numThreads
98.86215864759428
769
100.0
12.5
100.0
9.919394461357333
GCInterval
99.86996098829648
769
100
0
100.0
3.606092229873094
Correlation
                Time   GC Util  heapSize  numThreads  GCInterval
Time        1.000000  0.247833  0.497213   -0.056803    0.148611
GC Util     0.247833  1.000000 -0.206790   -0.059159    0.061526
heapSize    0.497213 -0.206790  1.000000   -0.017970    0.055360
numThreads -0.056803 -0.059159 -0.017970    1.000000   -0.004142
GCInterval  0.148611  0.061526  0.055360   -0.004142    1.000000
R Means Squared
23.154482050171268
