
GC Util
32.83972736124635
5135
1037.0
0.0
25.0
47.76750907449931
-2.252001014417494
0.02434424619416439
heapSize
305.7169347614411
5135
963.28
100.0
221.09
206.30139849848211
numThreads
94.10418695228822
5135
100.0
12.5
100.0
21.936652964303835
GCInterval
100.20927945472249
5135
112.45
0.0
102.05
11.005336828529373
Correlation
                Time   GC Util  heapSize  numThreads  GCInterval
Time        1.000000  0.031027  0.915676   -0.031860    0.109207
GC Util     0.031027  1.000000  0.009126   -0.146244   -0.137682
heapSize    0.915676  0.009126  1.000000   -0.056142    0.051417
numThreads -0.031860 -0.146244 -0.056142    1.000000    0.112777
GCInterval  0.109207 -0.137682  0.051417    0.112777    1.000000
R Means Squared
48.2965845365569
