
GC Util
37.99246906939214
1859
148.0
0.0
21.0
30.142466659554827
-127.78097015614033
0.0
heapSize
143.07921463152232
1859
190.62
100.0
143.75
26.25545460221306
numThreads
96.32867132867133
1859
100.0
12.5
100.0
17.547884385411184
GCInterval
99.94620763851533
1859
100
0
100.0
2.319318035213565
Correlation
                Time   GC Util  heapSize  numThreads  GCInterval
Time        1.000000  0.293482  0.977981   -0.043381    0.035657
GC Util     0.293482  1.000000  0.312882   -0.085526    0.029249
heapSize    0.977981  0.312882  1.000000   -0.043998    0.038075
numThreads -0.043381 -0.085526 -0.043998    1.000000   -0.004855
GCInterval  0.035657  0.029249  0.038075   -0.004855    1.000000
R Means Squared
30.20115455437803
