
GC Util
24.327905670971365
1781
142.0
0.0
15.0
29.15403207113178
-49.7965263317845
0.0
heapSize
138.74925322852332
1781
189.06
100.0
137.5
23.855937914235565
numThreads
89.58450308815273
1781
100.0
12.5
100.0
28.342978960229612
GCInterval
99.94385176866929
1781
100
0
100.0
2.3695618019100726
Correlation
                Time   GC Util  heapSize  numThreads  GCInterval
Time        1.000000  0.095376  0.976403   -0.122432    0.029375
GC Util     0.095376  1.000000  0.116854   -0.058448    0.019784
heapSize    0.976403  0.116854  1.000000   -0.145921    0.038510
numThreads -0.122432 -0.058448 -0.145921    1.000000   -0.008713
GCInterval  0.029375  0.019784  0.038510   -0.008713    1.000000
R Means Squared
33.092217975091195
