
GC Util
60.632376255064294
5677
1559.0
0.0
42.0
95.5510074582886
14.564497418027205
1.2253929819823358e-47
heapSize
195.32909283072044
5677
638.28
100.0
100.0
138.8817055447895
numThreads
93.8039457459926
5677
100.0
12.5
100.0
22.446657038284744
GCInterval
94.53312488990665
5677
112.45
0.0
99.65
14.805652754340466
Correlation
                Time   GC Util  heapSize  numThreads  GCInterval
Time        1.000000  0.137427  0.442550    0.043984   -0.024698
GC Util     0.137427  1.000000  0.195411    0.038757   -0.294621
heapSize    0.442550  0.195411  1.000000    0.155307   -0.343314
numThreads  0.043984  0.038757  0.155307    1.000000   -0.088439
GCInterval -0.024698 -0.294621 -0.343314   -0.088439    1.000000
R Means Squared
97.74498316184749
