
GC Util
71.9158908507223
3115
1808.0
0.0
28.0
140.64880851152145
11.729342151470755
2.007098072482429e-31
heapSize
195.6589341894061
3115
500.0
100.0
146.88
114.16038170886792
numThreads
98.82022471910112
3115
100.0
12.5
100.0
10.093124926941442
GCInterval
92.19918138041731
3115
113.65
0.0
100.05
18.69983531616802
Correlation
                Time   GC Util  heapSize  numThreads  GCInterval
Time        1.000000  0.295011  0.848913    0.099288   -0.422866
GC Util     0.295011  1.000000  0.324012    0.025820   -0.372493
heapSize    0.848913  0.324012  1.000000    0.086355   -0.513466
numThreads  0.099288  0.025820  0.086355    1.000000   -0.050995
GCInterval -0.422866 -0.372493 -0.513466   -0.050995    1.000000
R Means Squared
144.20249940507603
