
GC Util
11.727381426863293
2509
464.0
0.0
4.0
30.423129323023502
3.1824300238519303
0.0014693845883807502
heapSize
104.55474691111996
2509
134.38
100.0
100.0
8.636798182233125
numThreads
99.51175767237943
2509
100.0
12.5
100.0
6.519184153020892
GCInterval
109.65713431646074
2509
128.45
0.0
111.25
16.35148859110479
Correlation
                Time   GC Util  heapSize  numThreads  GCInterval
Time        1.000000  0.110075  0.415952    0.045377    0.194880
GC Util     0.110075  1.000000  0.133613   -0.059424   -0.243968
heapSize    0.415952  0.133613  1.000000   -0.024397   -0.078395
numThreads  0.045377 -0.059424 -0.024397    1.000000    0.066930
GCInterval  0.194880 -0.243968 -0.078395    0.066930    1.000000
R Means Squared
41.527567471543854
