
GC Util
4.207630878438332
1127
98.0
0.0
0.0
11.131437183068892
-1.2260722801145247
0.22029715490618748
heapSize
100.32259094942324
1127
107.81
100.0
100.0
0.921409277801235
numThreads
100.0
1127
100.0
100.0
100.0
0.0
GCInterval
103.42417923691215
1127
114.45
0.0
105.25
17.940974210144034
Correlation
                Time   GC Util  heapSize  numThreads  GCInterval
Time        1.000000 -0.154825  0.590796         NaN    0.182610
GC Util    -0.154825  1.000000  0.143001         NaN   -0.186296
heapSize    0.590796  0.143001  1.000000         NaN   -0.000690
numThreads       NaN       NaN       NaN         NaN         NaN
GCInterval  0.182610 -0.186296 -0.000690         NaN    1.000000
R Means Squared
37.4818974348284
