
GC Util
49.84133148404993
3605
147.0
0.0
45.0
27.66286271898381
-30.974814575042306
1.3991999251688391e-204
heapSize
238.65075728155338
3605
353.91
100.0
240.62
70.03983434813395
numThreads
100.0
3605
100.0
100.0
100.0
0.0
GCInterval
99.97226074895978
3605
100
0
100.0
1.6655104634982616
Correlation
                Time   GC Util  heapSize  numThreads  GCInterval
Time        1.000000  0.249708  0.986640         NaN    0.029051
GC Util     0.249708  1.000000  0.242344         NaN    0.030017
heapSize    0.986640  0.242344  1.000000         NaN    0.032980
numThreads       NaN       NaN       NaN         NaN         NaN
GCInterval  0.029051  0.030017  0.032980         NaN    1.000000
R Means Squared
29.357682282756187
