
GC Util
42.495557749259625
1013
140.0
0.0
28.0
28.765359018381726
-16.384281843705633
5.367014895878414e-57
heapSize
109.81127344521224
1013
117.97
100.0
110.94
5.555596602876149
numThreads
98.9634748272458
1013
100.0
12.5
100.0
9.471543012840048
GCInterval
99.90128331688055
1013
100
0
100.0
3.141921118033475
Correlation
                Time   GC Util  heapSize  numThreads  GCInterval
Time        1.000000  0.242231  0.876849   -0.033984    0.112548
GC Util     0.242231  1.000000  0.125448    0.044412    0.046462
heapSize    0.876849  0.125448  1.000000   -0.055612    0.055542
numThreads -0.033984  0.044412 -0.055612    1.000000   -0.003442
GCInterval  0.112548  0.046462  0.055542   -0.003442    1.000000
R Means Squared
28.85925953328458
