
GC Util
39.317157712305026
577
128.0
0.0
28.0
26.162053738119724
-36.36740813367077
4.4675500671003544e-210
heapSize
129.4627383015598
577
162.5
100.0
127.34
19.96545207393172
numThreads
99.69670710571924
577
100.0
12.5
100.0
5.147043336736593
GCInterval
99.8266897746967
577
100
0
100.0
4.163054471218134
Correlation
                Time   GC Util  heapSize  numThreads  GCInterval
Time        1.000000  0.352384  0.970693    0.083318    0.092669
GC Util     0.352384  1.000000  0.278689    0.002972    0.062672
heapSize    0.970693  0.278689  1.000000    0.087107    0.061540
numThreads  0.083318  0.002972  0.087107    1.000000   -0.002457
GCInterval  0.092669  0.062672  0.061540   -0.002457    1.000000
R Means Squared
26.14829061818445
