
GC Util
53.58743909041689
5541
143.0
0.0
58.0
26.78929983925264
-35.122766687660686
2.3830421029895916e-261
heapSize
179.03976177585272
5541
248.44
100.0
179.69
40.84195747616359
numThreads
99.115683089695
5541
100.0
12.5
100.0
8.752687541255918
GCInterval
99.98195271611623
5541
100
0
100.0
1.3434017970724728
Correlation
                Time   GC Util  heapSize  numThreads  GCInterval
Time        1.000000  0.254264  0.991151    0.020455    0.023960
GC Util     0.254264  1.000000  0.255463    0.050445    0.026877
heapSize    0.991151  0.255463  1.000000    0.019244    0.026003
numThreads  0.020455  0.050445  0.019244    1.000000   -0.001358
GCInterval  0.023960  0.026877  0.026003   -0.001358    1.000000
R Means Squared
30.03590464073087
