
GC Util
24.221866239487383
2497
113.0
0.0
10.0
26.405666991009976
-57.66565753013173
0.0
heapSize
246.51957549058872
2497
408.59
100.0
244.53
87.98888984569616
numThreads
99.92991589907889
2497
100.0
12.5
100.0
2.475863880762678
GCInterval
99.9599519423308
2497
100
0
100.0
2.001201081081136
Correlation
                Time   GC Util  heapSize  numThreads  GCInterval
Time        1.000000 -0.546749  0.982792    0.037247    0.032740
GC Util    -0.546749  1.000000 -0.521770   -0.021211    0.018364
heapSize    0.982792 -0.521770  1.000000    0.040870    0.033337
numThreads  0.037247 -0.021211  0.040870    1.000000   -0.000567
GCInterval  0.032740  0.018364  0.033337   -0.000567    1.000000
R Means Squared
30.755967151408232
