
GC Util
5.464087260753241
4859
801.0
0.0
0.0
24.347518639486957
2.048874694869047
0.040502545263428114
heapSize
125.24207038485284
4859
143.75
100.0
130.47
12.518823233544078
numThreads
99.74789051245112
4859
100.0
12.5
100.0
4.690474257507902
GCInterval
109.58511010495988
4859
122.05
0.0
111.25
12.205741628358723
Correlation
                Time   GC Util  heapSize  numThreads  GCInterval
Time        1.000000 -0.194307  0.690860    0.045882    0.244424
GC Util    -0.194307  1.000000 -0.133955   -0.038405   -0.186348
heapSize    0.690860 -0.133955  1.000000    0.016855    0.200147
numThreads  0.045882 -0.038405  0.016855    1.000000    0.020478
GCInterval  0.244424 -0.186348  0.200147    0.020478    1.000000
R Means Squared
42.25409958665534
