
GC Util
52.837584759444624
3097
145.0
0.0
55.0
28.50684052010378
-124.2486495495557
0.0
heapSize
173.23618986115596
3097
248.44
100.0
173.44
43.63242307754278
numThreads
98.92638036809817
3097
100.0
12.5
100.0
9.63426329843615
GCInterval
99.96771068776235
3097
100
0
100.0
1.7969227094577362
Correlation
                Time   GC Util  heapSize  numThreads  GCInterval
Time        1.000000  0.242170  0.991205    0.044466    0.028611
GC Util     0.242170  1.000000  0.249087   -0.009485    0.033317
heapSize    0.991205  0.249087  1.000000    0.050123    0.030171
numThreads  0.044466 -0.009485  0.050123    1.000000   -0.002003
GCInterval  0.028611  0.033317  0.030171   -0.002003    1.000000
R Means Squared
31.259896721544894
