
GC Util
24.323434704830053
2795
313.0
0.0
12.0
28.847559349035865
-0.21223941880184774
0.8319280074505122
heapSize
123.14993202146692
2795
164.84
100.0
125.0
18.8725013514623
numThreads
99.18604651162791
2795
100.0
12.5
100.0
8.40140842348435
GCInterval
99.45991055456172
2795
106.85
0.0
101.25
11.19373307510212
Correlation
                Time   GC Util  heapSize  numThreads  GCInterval
Time        1.000000  0.112305  0.831971   -0.016546    0.234039
GC Util     0.112305  1.000000  0.084756   -0.077994   -0.000094
heapSize    0.831971  0.084756  1.000000   -0.010733    0.065972
numThreads -0.016546 -0.077994 -0.010733    1.000000   -0.002045
GCInterval  0.234039 -0.000094  0.065972   -0.002045    1.000000
R Means Squared
32.82740684899339
