
GC Util
37.78636298111576
6937
652.0
0.0
29.0
40.50458734528503
-4.6164225395463925
3.941034697339584e-06
heapSize
597.3297563788382
6937
1777.34
100.0
539.06
447.7590296290769
numThreads
99.117053481332
6937
100.0
12.5
100.0
8.745813404200305
GCInterval
97.56112872999857
6937
122.85
0.0
102.85
17.601822150050968
Correlation
                Time   GC Util  heapSize  numThreads  GCInterval
Time        1.000000 -0.085625  0.961205    0.064381    0.129661
GC Util    -0.085625  1.000000 -0.097097   -0.012997   -0.169310
heapSize    0.961205 -0.097097  1.000000    0.060908    0.105177
numThreads  0.064381 -0.012997  0.060908    1.000000    0.029385
GCInterval  0.129661 -0.169310  0.105177    0.029385    1.000000
R Means Squared
40.56211633805753
