
GC Util
11.272727272727273
1595
101.0
0.0
7.0
15.26085116207295
4.28524293200401
1.8806170850994945e-05
heapSize
100.44990595611284
1595
101.56
100.0
100.0
0.7069308635611722
numThreads
99.78056426332289
1595
100.0
12.5
100.0
4.377726609910511
GCInterval
103.49119122257054
1595
113.65
0.0
105.25
15.977980824482373
Correlation
                Time   GC Util  heapSize  numThreads  GCInterval
Time        1.000000 -0.289334  0.016406    0.062089    0.351524
GC Util    -0.289334  1.000000 -0.042950   -0.050047   -0.182437
heapSize    0.016406 -0.042950  1.000000    0.031921    0.111584
numThreads  0.062089 -0.050047  0.031921    1.000000    0.090850
GCInterval  0.351524 -0.182437  0.111584    0.090850    1.000000
R Means Squared
32.52696975980833
