
GC Util
33.160178685386086
1567
143.0
0.0
17.0
28.966629798066208
-41.25522794491231
0.0
heapSize
151.01216336949585
1567
210.16
100.0
149.22
31.403960488025177
numThreads
99.55328653477983
1567
100.0
12.5
100.0
6.238005121982601
GCInterval
99.93618379068283
1567
100
0
100.0
2.5261870341913824
Correlation
                Time   GC Util  heapSize  numThreads  GCInterval
Time        1.000000  0.265651  0.974429   -0.041878    0.030758
GC Util     0.265651  1.000000  0.294556   -0.002078    0.028938
heapSize    0.974429  0.294556  1.000000   -0.029328    0.041061
numThreads -0.041878 -0.002078 -0.029328    1.000000   -0.001810
GCInterval  0.030758  0.028938  0.041061   -0.001810    1.000000
R Means Squared
29.754215459120196
