
GC Util
10.961562696912413
1587
97.0
0.0
6.0
15.374612951474148
3.682008147588699
0.00023533660367389844
heapSize
100.65323251417769
1587
106.25
100.0
100.0
1.464648087744833
numThreads
99.22810333963453
1587
100.0
12.5
100.0
8.184579608869937
GCInterval
103.36461877756773
1587
113.25
0.0
105.65
16.468137983033245
Correlation
                Time   GC Util  heapSize  numThreads  GCInterval
Time        1.000000 -0.323274  0.272985    0.100667    0.402093
GC Util    -0.323274  1.000000 -0.033789   -0.370274   -0.199444
heapSize    0.272985 -0.033789  1.000000   -0.015440    0.077459
numThreads  0.100667 -0.370274 -0.015440    1.000000   -0.000162
GCInterval  0.402093 -0.199444  0.077459   -0.000162    1.000000
R Means Squared
32.85514598228607
