
GC Util
32.364332836773784
4699
550.0
0.0
26.0
36.05985830014493
-3.1215403051342094
0.0018045501247208454
heapSize
324.5428005958715
4699
925.0
100.0
268.75
218.90108527418369
numThreads
98.88274100872526
4699
100.0
12.5
100.0
9.82509222706265
GCInterval
100.23512449457331
4699
124.45
0.0
103.65
16.319986239981144
Correlation
                Time   GC Util  heapSize  numThreads  GCInterval
Time        1.000000  0.059534  0.932363   -0.001101    0.031656
GC Util     0.059534  1.000000  0.037665   -0.019248   -0.186307
heapSize    0.932363  0.037665  1.000000   -0.019343   -0.026343
numThreads -0.001101 -0.019248 -0.019343    1.000000    0.011651
GCInterval  0.031656 -0.186307 -0.026343    0.011651    1.000000
R Means Squared
36.85566540378589
