
GC Util
20.95047482895946
9793
133.0
0.0
17.0
16.31141292515128
-277.9818359485292
0.0
heapSize
691.7492086184009
9793
1287.5
100.0
689.84
345.08501751113215
numThreads
99.91065046461759
9793
100.0
12.5
100.0
2.794798491246343
GCInterval
99.98978862452772
9793
100
0
100.0
1.0105135067022168
Correlation
                Time   GC Util  heapSize  numThreads  GCInterval
Time        1.000000 -0.160610  0.987036    0.029801    0.022398
GC Util    -0.160610  1.000000 -0.168211   -0.034596    0.012980
heapSize    0.987036 -0.168211  1.000000    0.030144    0.017330
numThreads  0.029801 -0.034596  0.030144    1.000000   -0.000323
GCInterval  0.022398  0.012980  0.017330   -0.000323    1.000000
R Means Squared
25.07826613319836
