
GC Util
31.077720207253886
193
145.0
0.0
32.0
29.43228759557789
-5.574393616437313
4.582127311438016e-08
heapSize
103.88642487046633
193
109.38
100.0
102.34
3.50664134265894
numThreads
99.09326424870466
193
100.0
12.5
100.0
8.884039188905982
GCInterval
99.48186528497409
193
100
0
100.0
7.198157507486948
Correlation
                Time   GC Util  heapSize  numThreads  GCInterval
Time        1.000000  0.541047  0.992667    0.095836    0.084558
GC Util     0.541047  1.000000  0.525880    0.000271    0.076402
heapSize    0.992667  0.525880  1.000000    0.113706    0.080193
numThreads  0.095836  0.000271  0.113706    1.000000   -0.007385
GCInterval  0.084558  0.076402  0.080193   -0.007385    1.000000
R Means Squared
30.68188778973629
