
GC Util
53.37124394184168
3095
146.0
0.0
58.0
27.37236609372871
-124.14615131496831
0.0
heapSize
173.1875928917609
3095
248.44
100.0
173.44
43.60459557349806
numThreads
98.58642972536349
3095
100.0
12.5
100.0
11.033066156776243
GCInterval
99.96768982229402
3095
100
0
100.0
1.797503204614038
Correlation
                Time   GC Util  heapSize  numThreads  GCInterval
Time        1.000000  0.224769  0.991001    0.070264    0.028776
GC Util     0.224769  1.000000  0.235787    0.052493    0.035059
heapSize    0.991001  0.235787  1.000000    0.071826    0.030180
numThreads  0.070264  0.052493  0.071826    1.000000   -0.002304
GCInterval  0.028776  0.035059  0.030180   -0.002304    1.000000
R Means Squared
30.459719422046387
