
GC Util
39.01684064022269
7185
661.0
0.0
31.0
41.97161213560953
-3.040126427780421
0.0023693487617775255
heapSize
574.3891245650661
7185
1639.84
100.0
492.19
419.74029692335
numThreads
98.9526791927627
7185
100.0
12.5
100.0
9.516107044389585
GCInterval
98.48767571329158
7185
110.45
0.0
101.65
10.941144723207787
Correlation
                Time   GC Util  heapSize  numThreads  GCInterval
Time        1.000000 -0.054970  0.809896    0.054839    0.151788
GC Util    -0.054970  1.000000 -0.110506   -0.009714   -0.147110
heapSize    0.809896 -0.110506  1.000000    0.059149    0.166693
numThreads  0.054839 -0.009714  0.059149    1.000000   -0.008699
GCInterval  0.151788 -0.147110  0.166693   -0.008699    1.000000
R Means Squared
41.9802054291963
