
GC Util
13.074461538461538
4875
138.0
0.0
5.0
22.244943224671143
-85.73622896392955
0.0
heapSize
184.97626256410257
4875
273.44
100.0
184.38
48.48391903493819
numThreads
94.0051282051282
4875
100.0
12.5
100.0
22.1068551142779
GCInterval
99.97948717948718
4875
100
0
100.0
1.4322297480788657
Correlation
                Time   GC Util  heapSize  numThreads  GCInterval
Time        1.000000 -0.258658  0.993076    0.045127    0.028837
GC Util    -0.258658  1.000000 -0.263176   -0.011796    0.008420
heapSize    0.993076 -0.263176  1.000000    0.054763    0.025107
numThreads  0.045127 -0.011796  0.054763    1.000000   -0.003885
GCInterval  0.028837  0.008420  0.025107   -0.003885    1.000000
R Means Squared
34.92449878501645
