
GC Util
66.58574132492113
7925
163.0
0.0
69.0
28.133876665873746
-177.27379809493928
0.0
heapSize
195.58377791798105
7925
299.22
100.0
195.31
55.91317099686736
numThreads
99.09463722397476
7925
100.0
12.5
100.0
8.854911353793783
GCInterval
99.98738170347004
7925
100
0
100.0
1.123311912603461
Correlation
                Time   GC Util  heapSize  numThreads  GCInterval
Time        1.000000 -0.043034  0.799052    0.000184    0.025443
GC Util    -0.043034  1.000000 -0.065621    0.062057    0.026589
heapSize    0.799052 -0.065621  1.000000   -0.004382    0.019205
numThreads  0.000184  0.062057 -0.004382    1.000000   -0.001149
GCInterval  0.025443  0.026589  0.019205   -0.001149    1.000000
R Means Squared
38.706805374951635
