
GC Util
55.060709127335414
21463
148.0
0.0
56.0
28.45681831512821
-146.7592828023153
0.0
heapSize
375.31696314587896
21463
646.88
100.0
375.0
152.1225577698962
numThreads
99.07049340725901
21463
100.0
12.5
100.0
8.97059606024168
GCInterval
99.995340819084
21463
100
0
100.0
0.6825819303200875
Correlation
                Time   GC Util  heapSize  numThreads  GCInterval
Time        1.000000  0.001680  0.993318    0.011009    0.013822
GC Util     0.001680  1.000000 -0.004894    0.027627    0.013208
heapSize    0.993318 -0.004894  1.000000    0.012624    0.012354
numThreads  0.011009  0.027627  0.012624    1.000000   -0.000707
GCInterval  0.013822  0.013208  0.012354   -0.000707    1.000000
R Means Squared
32.195927357875306
