
GC Util
30.128
125
98.0
0.0
31.0
23.995959337274453
-3.6412286488265404
0.00033156905076153184
heapSize
100.54912
125
101.56
100.0
100.0
0.6344797411545028
numThreads
98.6
125
100.0
12.5
100.0
11.023252549687571
GCInterval
99.2
125
100
0
100.0
8.944271909999156
Correlation
                Time   GC Util  heapSize  numThreads  GCInterval
Time        1.000000  0.754765  0.593004   -0.016525    0.147514
GC Util     0.754765  1.000000  0.468826   -0.004652    0.113205
heapSize    0.593004  0.468826  1.000000    0.110804    0.078034
numThreads -0.016525 -0.004652  0.110804    1.000000   -0.011451
GCInterval  0.147514  0.113205  0.078034   -0.011451    1.000000
R Means Squared
25.85838355350156
