
GC Util
9.167516335176277
69635
541.0
0.0
5.0
16.329552698175434
-46.946078635501024
0.0
heapSize
361.51949249658935
69635
532.81
100.0
378.12
97.13075382361792
numThreads
99.91706756659725
69635
100.0
12.5
100.0
2.6925479096708185
GCInterval
116.61115889997846
69635
140.85
0.0
118.45
18.331111776217764
Correlation
                Time   GC Util  heapSize  numThreads  GCInterval
Time        1.000000 -0.137809  0.943085    0.031182    0.150787
GC Util    -0.137809  1.000000 -0.169071   -0.044953   -0.070808
heapSize    0.943085 -0.169071  1.000000    0.040439    0.179366
numThreads  0.031182 -0.044953  0.040439    1.000000    0.005352
GCInterval  0.150787 -0.070808  0.179366    0.005352    1.000000
R Means Squared
34.88971927301728
