
GC Util
52.323547454210846
11411
182.0
0.0
49.0
30.64155590919444
-256.2013383120477
0.0
heapSize
376.20140040311975
11411
654.69
100.0
376.56
160.84280958440843
numThreads
97.8222767505039
11411
100.0
12.5
100.0
13.631749354682578
GCInterval
99.99123652615897
11411
100
0
100.0
0.9361342767482971
Correlation
                Time   GC Util  heapSize  numThreads  GCInterval
Time        1.000000  0.489501  0.979020    0.011305    0.011867
GC Util     0.489501  1.000000  0.477274    0.012813    0.015987
heapSize    0.979020  0.477274  1.000000   -0.000949    0.016077
numThreads  0.011305  0.012813 -0.000949    1.000000   -0.001496
GCInterval  0.011867  0.015987  0.016077   -0.001496    1.000000
R Means Squared
33.025633827421366
