
GC Util
60.41717791411043
489
139.0
0.0
50.0
34.56091366695796
-29.863713544013958
5.559552846182657e-146
heapSize
114.49374233128835
489
132.81
100.0
114.06
10.106867456226636
numThreads
98.92638036809817
489
100.0
12.5
100.0
9.642572280833017
GCInterval
99.79550102249489
489
100
0
100.0
4.522156316461345
Correlation
                Time   GC Util  heapSize  numThreads  GCInterval
Time        1.000000  0.532281  0.879783   -0.063141    0.119944
GC Util     0.532281  1.000000  0.339730    0.050846    0.079215
heapSize    0.879783  0.339730  1.000000   -0.046985    0.064983
numThreads -0.063141  0.050846 -0.046985    1.000000   -0.005045
GCInterval  0.119944  0.079215  0.064983   -0.005045    1.000000
R Means Squared
40.11078727254954
