
GC Util
21.71348576761549
6429
153.0
0.0
7.0
29.984180232525024
-85.5530681142872
0.0
heapSize
216.28946648001244
6429
323.44
100.0
220.31
62.464717961359796
numThreads
98.44843677088194
6429
100.0
12.5
100.0
11.548817253772667
GCInterval
99.98444548141235
6429
100
0
100.0
1.2471775570322665
Correlation
                Time   GC Util  heapSize  numThreads  GCInterval
Time        1.000000 -0.320381  0.903831    0.058084    0.062285
GC Util    -0.320381  1.000000 -0.370994   -0.048692    0.009033
heapSize    0.903831 -0.370994  1.000000    0.056684    0.023222
numThreads  0.058084 -0.048692  0.056684    1.000000   -0.001676
GCInterval  0.062285  0.009033  0.023222   -0.001676    1.000000
R Means Squared
35.11848265405055
