
GC Util
32.712058328659566
8915
1873.0
0.0
10.0
95.22121419925143
15.17740567534079
1.1022387051914741e-51
heapSize
264.8286393718452
8915
446.09
100.0
282.81
130.05857010402872
numThreads
99.52888390353337
8915
100.0
12.5
100.0
6.403538681877966
GCInterval
99.46486259113853
8915
107.25
0.0
102.05
9.06516158462616
Correlation
                Time   GC Util  heapSize  numThreads  GCInterval
Time        1.000000  0.012288  0.044353   -0.017949    0.006303
GC Util     0.012288  1.000000  0.045982   -0.001961   -0.295660
heapSize    0.044353  0.045982  1.000000    0.004135   -0.100482
numThreads -0.017949 -0.001961  0.004135    1.000000    0.046048
GCInterval  0.006303 -0.295660 -0.100482    0.046048    1.000000
R Means Squared
95.49438029819437
