
GC Util
14.476735380732014
11885
585.0
0.0
7.0
22.257676012528616
-13.884238688449896
1.1718286885148123e-43
heapSize
209.46974842238114
11885
299.22
100.0
221.88
54.044656481371774
numThreads
99.85275557425327
11885
100.0
12.5
100.0
3.5865427147619164
GCInterval
117.53704249053429
11885
159.65
0.0
120.05
28.99877856900306
Correlation
                Time   GC Util  heapSize  numThreads  GCInterval
Time        1.000000 -0.140016  0.948837    0.022535    0.162260
GC Util    -0.140016  1.000000 -0.136404   -0.026237   -0.055164
heapSize    0.948837 -0.136404  1.000000    0.030340    0.156429
numThreads  0.022535 -0.026237  0.030340    1.000000    0.010034
GCInterval  0.162260 -0.055164  0.156429    0.010034    1.000000
R Means Squared
33.86442816824121
