
GC Util
141.13554001211654
18157
329.0
0.0
132.0
65.0693333663962
-3.5749098240275132
0.00035083458683147833
heapSize
100.0
18157
100
100
100.0
0.0
numThreads
99.82651319050504
18157
100.0
12.5
100.0
3.8924070435318554
GCInterval
99.99449248223826
18157
100
0
100.0
0.7421265230231826
Correlation
                Time   GC Util  heapSize  numThreads  GCInterval
Time        1.000000  0.209530       NaN    0.017355    0.012354
GC Util     0.209530  1.000000       NaN    0.044885    0.016098
heapSize         NaN       NaN       NaN         NaN         NaN
numThreads  0.017355  0.044885       NaN    1.000000   -0.000331
GCInterval  0.012354  0.016098       NaN   -0.000331    1.000000
R Means Squared
120.25881426734702
