
GC Util
38.259067357512954
193
149.0
0.0
33.0
36.443667047590694
-3.7191687192524547
0.000228501814483598
heapSize
101.29326424870466
193
103.12
100.0
100.78
1.16651467058239
numThreads
99.09326424870466
193
100.0
12.5
100.0
8.884039188905982
GCInterval
99.48186528497409
193
100
0
100.0
7.198157507486946
Correlation
                Time   GC Util  heapSize  numThreads  GCInterval
Time        1.000000  0.557259  0.791230    0.001915    0.146459
GC Util     0.557259  1.000000  0.497023    0.054218    0.075961
heapSize    0.791230  0.497023  1.000000    0.045142    0.080218
numThreads  0.001915  0.054218  0.045142    1.000000   -0.007385
GCInterval  0.146459  0.075961  0.080218   -0.007385    1.000000
R Means Squared
36.39079767524222
