
GC Util
2.1480206540447506
1743
50.0
0.0
0.0
6.884557782588545
-4.115531732518301
3.951445556824304e-05
heapSize
100.3168330464716
1743
103.12
100.0
100.0
0.6708077787370081
numThreads
99.79919678714859
1743
100.0
12.5
100.0
4.188080982573197
GCInterval
105.4670395869191
1743
114.45
0.0
107.65
15.194132556208356
Correlation
                Time   GC Util  heapSize  numThreads  GCInterval
Time        1.000000 -0.265660  0.748821   -0.061705    0.193513
GC Util    -0.265660  1.000000 -0.081520    0.011484   -0.305660
heapSize    0.748821 -0.081520  1.000000   -0.088907    0.069514
numThreads -0.061705  0.011484 -0.088907    1.000000    0.001317
GCInterval  0.193513 -0.305660  0.069514    0.001317    1.000000
R Means Squared
38.47261731958708
