
GC Util
8.858447488584474
657
57.0
0.0
2.0
13.779394059058424
1.3797676625200477
0.1678989707759107
heapSize
100.1994520547945
657
101.56
100.0
100.0
0.5213230745697446
numThreads
99.20091324200914
657
100.0
12.5
100.0
8.32989578559444
GCInterval
108.84375951293761
657
139.25
0.0
113.25
27.025876810926874
Correlation
                Time   GC Util  heapSize  numThreads  GCInterval
Time        1.000000 -0.187586  0.100532    0.120130    0.440493
GC Util    -0.187586  1.000000  0.020488   -0.254320   -0.263124
heapSize    0.100532  0.020488  1.000000    0.036758    0.117833
numThreads  0.120130 -0.254320  0.036758    1.000000    0.089800
GCInterval  0.440493 -0.263124  0.117833    0.089800    1.000000
R Means Squared
34.04965485043556
