
GC Util
53.30879345603272
489
138.0
0.0
46.0
31.543957495594803
-5.649912082075656
2.0001980481797743e-08
heapSize
114.49374233128835
489
132.81
100.0
114.06
10.106867456226636
numThreads
98.21063394683027
489
100.0
12.5
100.0
12.39685350608719
GCInterval
99.79550102249489
489
100
0
100.0
4.522156316461345
Correlation
                Time   GC Util  heapSize  numThreads  GCInterval
Time        1.000000  0.510195  0.866024   -0.071086    0.122268
GC Util     0.510195  1.000000  0.271021    0.012420    0.076580
heapSize    0.866024  0.271021  1.000000   -0.107849    0.064983
numThreads -0.071086  0.012420 -0.107849    1.000000   -0.006541
GCInterval  0.122268  0.076580  0.064983   -0.006541    1.000000
R Means Squared
34.20687693210026
