
GC Util
54.59504584644861
7307
149.0
0.0
56.0
28.789024480839846
-38.997340498859664
0.0
heapSize
150.43829478582182
7307
196.09
100.0
150.78
26.478243120339524
numThreads
98.70671958396059
7307
100.0
12.5
100.0
10.559579639149804
GCInterval
99.98631449295196
7307
100
0
100.0
1.1698507190251297
Correlation
                Time   GC Util  heapSize  numThreads  GCInterval
Time        1.000000 -0.009383  0.010088   -0.024511    0.003152
GC Util    -0.009383  1.000000  0.119346    0.048468    0.022188
heapSize    0.010088  0.119346  1.000000   -0.008015    0.022287
numThreads -0.024511  0.048468 -0.008015    1.000000   -0.001433
GCInterval  0.003152  0.022188  0.022287   -0.001433    1.000000
R Means Squared
32.27553047202449
