
GC Util
72.05356566634399
3099
1698.0
0.0
26.0
136.2492602287406
12.125878473744873
1.922865098042869e-33
heapSize
195.9301839303001
3099
454.69
100.0
150.0
106.01864732717074
numThreads
97.79767666989352
3099
100.0
12.5
100.0
13.708161810283743
GCInterval
91.71114875766375
3099
113.25
0.0
99.65
18.37007996001613
Correlation
                Time   GC Util  heapSize  numThreads  GCInterval
Time        1.000000  0.174788  0.422561   -0.015356   -0.027246
GC Util     0.174788  1.000000  0.310419    0.038050   -0.353584
heapSize    0.422561  0.310419  1.000000    0.075181   -0.504652
numThreads -0.015356  0.038050  0.075181    1.000000   -0.050251
GCInterval -0.027246 -0.353584 -0.504652   -0.050251    1.000000
R Means Squared
139.94749626280958
