
GC Util
36.55045871559633
981
149.0
0.0
31.0
19.2615391413949
-9.518841144930006
5.425764334096082e-21
heapSize
109.49084607543323
981
117.19
100.0
110.94
5.376510874292462
numThreads
99.10805300713558
981
100.0
12.5
100.0
8.793669243061798
GCInterval
99.8980632008155
981
100
0
100.0
3.192754284070504
Correlation
                Time   GC Util  heapSize  numThreads  GCInterval
Time        1.000000  0.264131  0.524099   -0.011768    0.152799
GC Util     0.264131  1.000000 -0.129662   -0.054029    0.060647
heapSize    0.524099 -0.129662  1.000000    0.073024    0.056417
numThreads -0.011768 -0.054029  0.073024    1.000000   -0.003242
GCInterval  0.152799  0.060647  0.056417   -0.003242    1.000000
R Means Squared
19.55832387040811
