
GC Util
62.75717017208413
523
144.0
0.0
49.0
36.69670035935233
-29.504059235093223
2.767497261973493e-144
heapSize
110.48627151051625
523
123.44
100.0
110.94
7.229595017545013
numThreads
97.99235181644359
523
100.0
12.5
100.0
13.113633148118069
GCInterval
99.80879541108986
523
100
0
100.0
4.372694694466263
Correlation
                Time   GC Util  heapSize  numThreads  GCInterval
Time        1.000000  0.553318  0.881727   -0.032930    0.119027
GC Util     0.553318  1.000000  0.448216    0.077707    0.074923
heapSize    0.881727  0.448216  1.000000   -0.031692    0.063546
numThreads -0.032930  0.077707 -0.031692    1.000000   -0.006707
GCInterval  0.119027  0.074923  0.063546   -0.006707    1.000000
R Means Squared
43.15045491164859
