
GC Util
21.166497840806098
18757
3167.0
0.0
10.0
66.33144969918989
18.76477704335324
3.32722444434595e-78
heapSize
338.11876206216346
18757
444.53
100.0
392.19
114.35687238793734
numThreads
99.58015674148318
18757
100.0
12.5
100.0
6.046649154887539
GCInterval
105.61888095111158
18757
122.05
0.0
107.65
14.561070898523717
Correlation
                Time   GC Util  heapSize  numThreads  GCInterval
Time        1.000000 -0.138361  0.789380    0.041757    0.265414
GC Util    -0.138361  1.000000 -0.037563   -0.023856   -0.388875
heapSize    0.789380 -0.037563  1.000000    0.032002    0.070147
numThreads  0.041757 -0.023856  0.032002    1.000000    0.052435
GCInterval  0.265414 -0.388875  0.070147    0.052435    1.000000
R Means Squared
68.95163124310352
