
GC Util
25.9811740544241
5843
165.0
0.0
8.0
34.22653935308069
-97.33724544715633
0.0
heapSize
170.28706144104058
5843
250.0
100.0
170.31
41.434955526469146
numThreads
99.88019852815334
5843
100.0
12.5
100.0
3.235748490433485
GCInterval
99.98288550402191
5843
100
0
100.0
1.308223833221725
Correlation
                Time   GC Util  heapSize  numThreads  GCInterval
Time        1.000000 -0.078789  0.641757    0.042068    0.068780
GC Util    -0.078789  1.000000 -0.196323   -0.011651    0.009932
heapSize    0.641757 -0.196323  1.000000    0.059849    0.022195
numThreads  0.042068 -0.011651  0.059849    1.000000   -0.000484
GCInterval  0.068780  0.009932  0.022195   -0.000484    1.000000
R Means Squared
36.98355023778812
