
GC Util
39.10880829015544
193
139.0
0.0
34.0
38.76765155934258
-10.490272200239973
6.699285823557759e-23
heapSize
102.58984455958549
193
106.25
100.0
101.56
2.3371359958745304
numThreads
99.09326424870466
193
100.0
12.5
100.0
8.884039188905982
GCInterval
99.48186528497409
193
100
0
100.0
7.198157507486946
Correlation
                Time   GC Util  heapSize  numThreads  GCInterval
Time        1.000000  0.513868  0.992678    0.041019    0.085137
GC Util     0.513868  1.000000  0.501521    0.058509    0.072993
heapSize    0.992678  0.501521  1.000000    0.045208    0.080180
numThreads  0.041019  0.058509  0.045208    1.000000   -0.007385
GCInterval  0.085137  0.072993  0.080180   -0.007385    1.000000
R Means Squared
38.67735544002714
