
GC Util
41.77197988857181
7359
1139.0
0.0
31.0
53.79455318586737
0.3820771684121933
0.7024101028785674
heapSize
570.542456855551
7359
1716.41
100.0
473.44
427.7216464395603
numThreads
99.26280744666394
7359
100.0
12.5
100.0
7.9980990402362195
GCInterval
98.79209811115642
7359
106.05
0.0
100.45
7.512461813276994
Correlation
                Time   GC Util  heapSize  numThreads  GCInterval
Time        1.000000 -0.086130  0.937306    0.027155    0.166161
GC Util    -0.086130  1.000000 -0.118758   -0.000335   -0.130589
heapSize    0.937306 -0.118758  1.000000    0.025789    0.146307
numThreads  0.027155 -0.000335  0.025789    1.000000   -0.014010
GCInterval  0.166161 -0.130589  0.146307   -0.014010    1.000000
R Means Squared
53.82007641284923
