
GC Util
17.955856727976766
5165
120.0
0.0
6.0
27.59429974917227
-80.5188117917025
0.0
heapSize
189.85902807357212
5165
325.0
100.0
189.06
51.924838861998275
numThreads
99.15295256534365
5165
100.0
12.5
100.0
8.5681605261104
GCInterval
99.98063891577928
5165
100
0
100.0
1.3914411313712258
Correlation
                Time   GC Util  heapSize  numThreads  GCInterval
Time        1.000000 -0.258416  0.991156   -0.040889    0.026858
GC Util    -0.258416  1.000000 -0.269679   -0.027535    0.009056
heapSize    0.991156 -0.269679  1.000000   -0.038832    0.024084
numThreads -0.040889 -0.027535 -0.038832    1.000000   -0.001376
GCInterval  0.026858  0.009056  0.024084   -0.001376    1.000000
R Means Squared
35.31631644387055
