
GC Util
21.562549947746973
16267
140.0
0.0
16.0
17.996763759222052
-355.7503065935398
0.0
heapSize
494.7545128173603
16267
892.19
100.0
495.31
229.29256353459644
numThreads
99.79559845085141
16267
100.0
12.5
100.0
4.224269466991933
GCInterval
99.99385258498802
16267
100
0
100.0
0.7840545269295662
Correlation
                Time   GC Util  heapSize  numThreads  GCInterval
Time        1.000000 -0.244593  0.870065    0.051940    0.047823
GC Util    -0.244593  1.000000 -0.294739   -0.078445    0.009395
heapSize    0.870065 -0.294739  1.000000    0.059116    0.013499
numThreads  0.051940 -0.078445  0.059116    1.000000   -0.000379
GCInterval  0.047823  0.009395  0.013499   -0.000379    1.000000
R Means Squared
25.764377729169322
