
GC Util
54.4534447658845
9333
146.0
0.0
54.0
28.90039915538593
-76.64478793926196
0.0
heapSize
288.93846137362044
9333
470.31
100.0
289.84
100.70873049242866
numThreads
99.7187399549984
9333
100.0
12.5
100.0
4.953158127639958
GCInterval
99.98928533161899
9333
100
0
100.0
1.035116823407562
Correlation
                Time   GC Util  heapSize  numThreads  GCInterval
Time        1.000000  0.059955  0.993169    0.046517    0.025823
GC Util     0.059955  1.000000  0.053931    0.025912    0.019506
heapSize    0.993169  0.053931  1.000000    0.047597    0.019422
numThreads  0.046517  0.025912  0.047597    1.000000   -0.000588
GCInterval  0.025823  0.019506  0.019422   -0.000588    1.000000
R Means Squared
32.31169516579567
