
GC Util
20.80336341896166
12963
141.0
0.0
17.0
15.13338262457202
-319.71998606913235
0.0
heapSize
571.1365949240145
12963
1046.88
100.0
571.09
274.0788530892168
numThreads
99.77050065571241
12963
100.0
12.5
100.0
4.4754963801106245
GCInterval
99.99228573632647
12963
100
0
100.0
0.8783088109277036
Correlation
                Time   GC Util  heapSize  numThreads  GCInterval
Time        1.000000 -0.246201  0.988970    0.067555    0.019210
GC Util    -0.246201  1.000000 -0.257268   -0.076415    0.012075
heapSize    0.988970 -0.257268  1.000000    0.070587    0.015099
numThreads  0.067555 -0.076415  0.070587    1.000000   -0.000450
GCInterval  0.019210  0.012075  0.015099   -0.000450    1.000000
R Means Squared
24.444067962101414
