
GC Util
24.97501972127268
11409
164.0
0.0
12.0
33.53371411762855
-309.25979174302336
0.0
heapSize
376.15285651678494
11409
654.69
100.0
376.56
160.81510700313046
numThreads
78.60241914278201
11409
100.0
12.5
100.0
37.610581548651176
GCInterval
99.99123498992024
11409
100
0
100.0
0.9362163254163854
Correlation
                Time   GC Util  heapSize  numThreads  GCInterval
Time        1.000000  0.326037  0.978654   -0.114785    0.011835
GC Util     0.326037  1.000000  0.293550    0.176984    0.006973
heapSize    0.978654  0.293550  1.000000   -0.124628    0.016078
numThreads -0.114785  0.176984 -0.124628    1.000000   -0.005327
GCInterval  0.011835  0.006973  0.016078   -0.005327    1.000000
R Means Squared
36.74454315249639
