
GC Util
42.63511830635118
803
145.0
0.0
37.0
24.58300838641164
-5.80921936173725
7.543427158886611e-09
heapSize
116.03721046077212
803
131.25
100.0
117.19
9.839171507267093
numThreads
98.69240348692404
803
100.0
12.5
100.0
10.622872306325467
GCInterval
99.87546699875467
803
100
0
100.0
3.528923366202927
Correlation
                Time   GC Util  heapSize  numThreads  GCInterval
Time        1.000000  0.323106  0.510458   -0.068020    0.150687
GC Util     0.323106  1.000000  0.175206   -0.046951    0.061280
heapSize    0.510458  0.175206  1.000000   -0.060056    0.057591
numThreads -0.068020 -0.046951 -0.060056    1.000000   -0.004349
GCInterval  0.150687  0.061280  0.057591   -0.004349    1.000000
R Means Squared
24.708613207243253
