
GC Util
68.82095973524545
9065
211.0
0.0
69.0
30.40205073049922
-252.05340349919234
0.0
heapSize
428.4352653061224
9065
770.31
100.0
428.12
191.73458567761756
numThreads
99.57528957528957
9065
100.0
12.5
100.0
6.0816003889169625
GCInterval
99.98896856039713
9065
100
0
100.0
1.0503066029911539
Correlation
                Time   GC Util  heapSize  numThreads  GCInterval
Time        1.000000  0.406175  0.995580    0.023417    0.020402
GC Util     0.406175  1.000000  0.394710    0.059214    0.023778
heapSize    0.995580  0.394710  1.000000    0.022583    0.017993
numThreads  0.023417  0.059214  0.022583    1.000000   -0.000734
GCInterval  0.020402  0.023778  0.017993   -0.000734    1.000000
R Means Squared
41.89069642263427
