
GC Util
4.905302248813699
4847
732.0
0.0
0.0
20.705367513213673
0.896535402020768
0.3699902607370249
heapSize
125.04830204250051
4847
145.31
100.0
128.12
12.926583185553536
numThreads
99.74726635031979
4847
100.0
12.5
100.0
4.69626130659604
GCInterval
106.15726222405611
4847
114.45
0.0
107.65
9.716112356552774
Correlation
                Time   GC Util  heapSize  numThreads  GCInterval
Time        1.000000 -0.236614  0.666540    0.040753    0.232706
GC Util    -0.236614  1.000000 -0.201679   -0.042584   -0.179677
heapSize    0.666540 -0.201679  1.000000    0.021581    0.209190
numThreads  0.040753 -0.042584  0.021581    1.000000    0.028294
GCInterval  0.232706 -0.179677  0.209190    0.028294    1.000000
R Means Squared
40.74630787097853
