
GC Util
21.84248841826605
4533
117.0
0.0
8.0
28.09903812720315
-77.44406542740555
0.0
heapSize
208.54356938010147
4533
357.81
100.0
207.81
64.3661887887549
numThreads
98.80322082506066
4533
100.0
12.5
100.0
10.164088142598459
GCInterval
99.97793955437899
4533
100
0
100.0
1.4852759212012272
Correlation
                Time   GC Util  heapSize  numThreads  GCInterval
Time        1.000000 -0.411368  0.989661    0.157453    0.024697
GC Util    -0.411368  1.000000 -0.411512   -0.117070    0.011548
heapSize    0.989661 -0.411512  1.000000    0.156181    0.025052
numThreads  0.157453 -0.117070  0.156181    1.000000   -0.001749
GCInterval  0.024697  0.011548  0.025052   -0.001749    1.000000
R Means Squared
33.45260813382444
