
GC Util
61.09576837416481
449
139.0
0.0
47.0
36.93940749123316
-28.2676362429398
2.930660223235203e-133
heapSize
121.71510022271715
449
146.88
100.0
119.53
15.358130032053083
numThreads
98.05122494432071
449
100.0
12.5
100.0
12.926416217164617
GCInterval
99.77728285077951
449
100
0
100.0
4.719291781830087
Correlation
                Time   GC Util  heapSize  numThreads  GCInterval
Time        1.000000  0.551203  0.875670    0.040942    0.123616
GC Util     0.551203  1.000000  0.350978    0.079745    0.078229
heapSize    0.875670  0.350978  1.000000    0.029171    0.066876
numThreads  0.040942  0.079745  0.029171    1.000000   -0.007131
GCInterval  0.123616  0.078229  0.066876   -0.007131    1.000000
R Means Squared
42.503085175587046
