
GC Util
4.188066624499262
4743
1132.0
0.0
0.0
27.288345207757867
-0.7179195325244833
0.47282527863279056
heapSize
126.76731604469742
4743
155.47
100.0
129.69
14.060199744542828
numThreads
99.88931056293485
4743
100.0
12.5
100.0
3.110484441986879
GCInterval
113.14700611427367
4743
128.45
0.0
114.45
12.793803959605455
Correlation
                Time   GC Util  heapSize  numThreads  GCInterval
Time        1.000000 -0.148436  0.665880    0.039357    0.237890
GC Util    -0.148436  1.000000 -0.159657   -0.014972   -0.169185
heapSize    0.665880 -0.159657  1.000000    0.013047    0.199999
numThreads  0.039357 -0.014972  0.013047    1.000000    0.023268
GCInterval  0.237890 -0.169185  0.199999    0.023268    1.000000
R Means Squared
45.02212073727822
