
GC Util
67.2115627822945
5535
1378.0
0.0
40.0
112.58344153681236
16.906129180029303
2.30964464625339e-63
heapSize
199.31693586269196
5535
780.47
100.0
110.16
140.04931344697854
numThreads
97.28093947606143
5535
100.0
12.5
100.0
15.184405215491108
GCInterval
96.11762420957544
5535
106.05
0.0
99.65
10.911504368579795
Correlation
                Time   GC Util  heapSize  numThreads  GCInterval
Time        1.000000  0.158865  0.478906    0.045034    0.114938
GC Util     0.158865  1.000000  0.199991    0.033596   -0.245170
heapSize    0.478906  0.199991  1.000000    0.098920   -0.220512
numThreads  0.045034  0.033596  0.098920    1.000000   -0.059240
GCInterval  0.114938 -0.245170 -0.220512   -0.059240    1.000000
R Means Squared
115.8154155489305
