
GC Util
25.30374355525667
4461
161.0
0.0
8.0
33.49403744367967
-74.38503154264829
0.0
heapSize
206.59462452364943
4461
326.56
100.0
206.25
62.977334736513065
numThreads
98.86236269894643
4461
100.0
12.5
100.0
9.913176793911411
GCInterval
99.97758350145708
4461
100
0
100.0
1.497214030889625
Correlation
                Time   GC Util  heapSize  numThreads  GCInterval
Time        1.000000 -0.215094  0.448839    0.063381    0.040590
GC Util    -0.215094  1.000000 -0.378700   -0.090899    0.011314
heapSize    0.448839 -0.378700  1.000000    0.163252    0.025347
numThreads  0.063381 -0.090899  0.163252    1.000000   -0.001719
GCInterval  0.040590  0.011314  0.025347   -0.001719    1.000000
R Means Squared
36.572927393871055
