
GC Util
22.417938483212023
12777
142.0
0.0
17.0
15.452125270261359
-105.89304136874264
0.0
heapSize
281.5422650074352
12777
459.38
100.0
279.69
101.35455900142534
numThreads
99.27408624872818
12777
100.0
12.5
100.0
7.936966223908287
GCInterval
99.99217343664397
12777
100
0
100.0
0.8846786623418905
Correlation
                Time   GC Util  heapSize  numThreads  GCInterval
Time        1.000000 -0.366033  0.970975    0.025855    0.024593
GC Util    -0.366033  1.000000 -0.411877   -0.030585    0.012836
heapSize    0.970975 -0.411877  1.000000    0.032961    0.015847
numThreads  0.025855 -0.030585  0.032961    1.000000   -0.000809
GCInterval  0.024593  0.012836  0.015847   -0.000809    1.000000
R Means Squared
23.40680190041876
