
GC Util
17.740805604203153
1713
158.0
0.0
6.0
26.788838929170716
-135.84183186517373
0.0
heapSize
139.56136602451838
1713
185.94
100.0
139.06
24.271745311080764
numThreads
82.6328079392878
1713
100.0
12.5
100.0
34.91019048423996
GCInterval
99.94162288382954
1713
100
0
100.0
2.4161356785259636
Correlation
                Time   GC Util  heapSize  numThreads  GCInterval
Time        1.000000  0.149881  0.978215   -0.135112    0.030521
GC Util     0.149881  1.000000  0.154743    0.147660    0.016010
heapSize    0.978215  0.154743  1.000000   -0.145652    0.039404
numThreads -0.135112  0.147660 -0.145652    1.000000   -0.012027
GCInterval  0.030521  0.016010  0.039404   -0.012027    1.000000
R Means Squared
34.823766132950475
