
GC Util
53.338935574229694
357
155.0
0.0
37.0
40.00540654457094
0.8305339270087095
0.4064981410003661
heapSize
103.32123249299718
357
107.81
100.0
103.12
2.5322725158780948
numThreads
98.52941176470588
357
100.0
12.5
100.0
11.263623608228338
GCInterval
99.71988795518207
357
100
0
100.0
5.292561240249631
Correlation
                Time   GC Util  heapSize  numThreads  GCInterval
Time        1.000000  0.534408  0.811421    0.005779    0.122634
GC Util     0.534408  1.000000  0.591805   -0.006527    0.070764
heapSize    0.811421  0.591805  1.000000    0.050733    0.069610
numThreads  0.005779 -0.006527  0.050733    1.000000   -0.006929
GCInterval  0.122634  0.070764  0.069610   -0.006929    1.000000
R Means Squared
42.11741623960663
