
GC Util
63.032882011605416
517
159.0
0.0
50.0
36.86599557663141
-29.249897699273845
3.0899096852471053e-142
heapSize
110.33593810444874
517
123.44
100.0
110.94
7.134493983406412
numThreads
98.30754352030948
517
100.0
12.5
100.0
12.062627320312183
GCInterval
99.80657640232108
517
100
0
100.0
4.397994971335425
Correlation
                Time   GC Util  heapSize  numThreads  GCInterval
Time        1.000000  0.463484  0.864348    0.075979    0.122567
GC Util     0.463484  1.000000  0.242027    0.084779    0.075342
heapSize    0.864348  0.242027  1.000000    0.123661    0.063838
numThreads  0.075979  0.084779  0.123661    1.000000   -0.006183
GCInterval  0.122567  0.075342  0.063838   -0.006183    1.000000
R Means Squared
43.439457413141824
