
GC Util
25.131121106679114
11783
155.0
0.0
17.0
21.432576214621697
-187.2180598621526
0.0
heapSize
242.6415412034287
11783
386.72
100.0
242.97
83.04315367852351
numThreads
99.59899855724349
11783
100.0
12.5
100.0
5.910142849918979
GCInterval
99.9915131969787
11783
100
0
100.0
0.9212384610567381
Correlation
                Time   GC Util  heapSize  numThreads  GCInterval
Time        1.000000 -0.203969  0.589223    0.053616    0.064460
GC Util    -0.203969  1.000000 -0.422155   -0.080963    0.010803
heapSize    0.589223 -0.422155  1.000000    0.082272    0.015825
numThreads  0.053616 -0.080963  0.082272    1.000000   -0.000625
GCInterval  0.064460  0.010803  0.015825   -0.000625    1.000000
R Means Squared
26.08447619099076
