
GC Util
13.591078066914498
2421
765.0
0.0
5.0
47.86723705391961
4.004034613989725
6.318925312932635e-05
heapSize
104.39353159851302
2421
133.59
100.0
100.0
8.212940527572025
numThreads
99.78314745972739
2421
100.0
12.5
100.0
4.351481766074407
GCInterval
101.20187938868236
2421
107.25
0.0
102.85
11.759300854659923
Correlation
                Time   GC Util  heapSize  numThreads  GCInterval
Time        1.000000  0.058486  0.258047   -0.025960    0.312672
GC Util     0.058486  1.000000  0.140522   -0.024034   -0.088811
heapSize    0.258047  0.140522  1.000000   -0.009691   -0.041919
numThreads -0.025960 -0.024034 -0.009691    1.000000    0.011667
GCInterval  0.312672 -0.088811 -0.041919    0.011667    1.000000
R Means Squared
54.66037984824927
