
GC Util
15.511323396195339
12143
531.0
0.0
7.0
23.230353684786962
-11.598412367627512
5.083947231708433e-31
heapSize
191.33998023552664
12143
273.44
100.0
200.78
44.00772080344788
numThreads
99.52441735979576
12143
100.0
12.5
100.0
6.433561282592663
GCInterval
105.29801943506548
12143
120.85
0.0
106.85
12.08521793666926
Correlation
                Time   GC Util  heapSize  numThreads  GCInterval
Time        1.000000 -0.141275  0.929958    0.029738    0.149128
GC Util    -0.141275  1.000000 -0.132751   -0.059031   -0.024183
heapSize    0.929958 -0.132751  1.000000    0.030512    0.147864
numThreads  0.029738 -0.059031  0.030512    1.000000    0.007857
GCInterval  0.149128 -0.024183  0.147864    0.007857    1.000000
R Means Squared
33.75352089692484
