
GC Util
46.26966292134831
801
136.0
0.0
34.0
29.213518976857888
-37.30847377617678
1.52121276592038e-225
heapSize
108.61403245942572
801
117.97
100.0
108.59
5.592230757394142
numThreads
98.2521847690387
801
100.0
12.5
100.0
12.250156053937344
GCInterval
99.87515605493134
801
100
0
100.0
3.5333262666878675
Correlation
                Time   GC Util  heapSize  numThreads  GCInterval
Time        1.000000  0.354689  0.763183    0.076357    0.107750
GC Util     0.354689  1.000000  0.253873    0.066723    0.056032
heapSize    0.763183  0.253873  1.000000    0.070385    0.054494
numThreads  0.076357  0.066723  0.070385    1.000000   -0.005048
GCInterval  0.107750  0.056032  0.054494   -0.005048    1.000000
R Means Squared
29.860892633408
