
GC Util
21.81850220264317
3405
155.0
0.0
9.0
27.439666934799416
-65.86183740431929
0.0
heapSize
264.9274478707783
3405
404.69
100.0
279.69
87.5219277159554
numThreads
99.69162995594714
3405
100.0
12.5
100.0
5.1860568357327335
GCInterval
99.97063142437592
3405
100
0
100.0
1.7137262215442182
Correlation
                Time   GC Util  heapSize  numThreads  GCInterval
Time        1.000000 -0.543064  0.983202    0.036689    0.031254
GC Util    -0.543064  1.000000 -0.519106   -0.015567    0.013631
heapSize    0.983202 -0.519106  1.000000    0.038197    0.032303
numThreads  0.036689 -0.015567  0.038197    1.000000   -0.001019
GCInterval  0.031254  0.013631  0.032303   -0.001019    1.000000
R Means Squared
32.91323529020996
