
GC Util
51.67071057192374
577
147.0
0.0
44.0
25.406536061962917
-36.8979305901374
2.3499223826943245e-202
heapSize
105.89254766031196
577
112.5
100.0
105.47
3.99404773167282
numThreads
98.78682842287695
577
100.0
12.5
100.0
10.240237550821089
GCInterval
99.8266897746967
577
100
0
100.0
4.163054471218134
Correlation
                Time   GC Util  heapSize  numThreads  GCInterval
Time        1.000000  0.364873  0.647510   -0.021467    0.110489
GC Util     0.364873  1.000000  0.414734   -0.002706    0.084813
heapSize    0.647510  0.414734  1.000000   -0.062768    0.061526
numThreads -0.021467 -0.002706 -0.062768    1.000000   -0.004941
GCInterval  0.110489  0.084813  0.061526   -0.004941    1.000000
R Means Squared
27.938841353078924
