
GC Util
9.363088758255316
68895
963.0
0.0
5.0
17.398749864877416
-45.47363918436341
0.0
heapSize
334.32997779229265
68895
475.0
100.0
350.78
84.81927437123888
numThreads
99.86537484577981
68895
100.0
12.5
100.0
3.4295404622225663
GCInterval
105.69367660933305
68895
114.05
0.0
106.45
6.873154376065803
Correlation
                Time   GC Util  heapSize  numThreads  GCInterval
Time        1.000000 -0.128249  0.937408    0.025489    0.139931
GC Util    -0.128249  1.000000 -0.162725   -0.044433   -0.050837
heapSize    0.937408 -0.162725  1.000000    0.032684    0.172965
numThreads  0.025489 -0.044433  0.032684    1.000000    0.014151
GCInterval  0.139931 -0.050837  0.172965    0.014151    1.000000
R Means Squared
35.23254792678448
