
GC Util
128.83918720759723
14321
1634.0
0.0
129.0
121.06083027249854
-6.214228732230018
5.232974706192406e-10
heapSize
100.0
14321
100
100
100.0
0.0
numThreads
71.27121011102577
14321
100.0
12.5
100.0
41.09189279683172
GCInterval
99.99301724739892
14321
100
0
100.0
0.8356286616120429
Correlation
                Time   GC Util  heapSize  numThreads  GCInterval
Time        1.000000  0.127575       NaN   -0.063854    0.024711
GC Util     0.127575  1.000000       NaN    0.026394    0.008894
heapSize         NaN       NaN       NaN         NaN         NaN
numThreads -0.063854  0.026394       NaN    1.000000   -0.005843
GCInterval  0.024711  0.008894       NaN   -0.005843    1.000000
R Means Squared
150.15692603733154
