
GC Util
11.351548269581057
1647
112.0
0.0
7.0
15.141845600343341
4.484974356967397
7.551043963768428e-06
heapSize
100.27846994535518
1647
101.56
100.0
100.0
0.5975654050244841
numThreads
99.68123861566484
1647
100.0
12.5
100.0
5.27322440924388
GCInterval
108.64666059502125
1647
126.05
0.0
110.45
17.526088636309353
Correlation
                Time   GC Util  heapSize  numThreads  GCInterval
Time        1.000000 -0.267671  0.283391    0.088732    0.429668
GC Util    -0.267671  1.000000  0.034633   -0.082483   -0.143175
heapSize    0.283391  0.034633  1.000000    0.028187    0.057897
numThreads  0.088732 -0.082483  0.028187    1.000000    0.090410
GCInterval  0.429668 -0.143175  0.057897    0.090410    1.000000
R Means Squared
32.40169851702376
