
GC Util
2.634005763688761
1735
108.0
0.0
0.0
10.652435909563058
-2.619535468475287
0.008842853121959872
heapSize
100.42450720461095
1735
104.69
100.0
100.0
0.9479598544332133
numThreads
100.0
1735
100.0
100.0
100.0
0.0
GCInterval
105.28337175792508
1735
114.45
0.0
107.65
15.370483419181726
Correlation
                Time   GC Util  heapSize  numThreads  GCInterval
Time        1.000000 -0.111760  0.551301         NaN    0.303784
GC Util    -0.111760  1.000000 -0.006510         NaN   -0.102818
heapSize    0.551301 -0.006510  1.000000         NaN    0.026404
numThreads       NaN       NaN       NaN         NaN         NaN
GCInterval  0.303784 -0.102818  0.026404         NaN    1.000000
R Means Squared
38.853912453809585
