
GC Util
16.526593481405836
11751
302.0
0.0
7.0
23.160203283451843
-9.251431179847218
2.398520976220354e-20
heapSize
182.1176189260488
11751
250.0
100.0
190.62
38.30886589676027
numThreads
99.59790656114373
11751
100.0
12.5
100.0
5.918148132589149
GCInterval
101.19729810228917
11751
106.85
0.0
102.05
6.62093190531908
Correlation
                Time   GC Util  heapSize  numThreads  GCInterval
Time        1.000000 -0.160818  0.928136    0.036055    0.162647
GC Util    -0.160818  1.000000 -0.162051   -0.063869    0.007935
heapSize    0.928136 -0.162051  1.000000    0.034949    0.165911
numThreads  0.036055 -0.063869  0.034949    1.000000   -0.004570
GCInterval  0.162647  0.007935  0.165911   -0.004570    1.000000
R Means Squared
32.97499329739359
