
GC Util
19.224031443009544
1781
114.0
0.0
9.0
24.354977935838715
-62.21704859417169
0.0
heapSize
202.9530039303762
1781
322.66
100.0
201.56
62.91541998976234
numThreads
99.90174059517125
1781
100.0
12.5
100.0
2.9313593698390585
GCInterval
99.94385176866929
1781
100
0
100.0
2.3695618019100726
Correlation
                Time   GC Util  heapSize  numThreads  GCInterval
Time        1.000000 -0.351318  0.981301    0.054904    0.050794
GC Util    -0.351318  1.000000 -0.401559   -0.034119    0.018714
heapSize    0.981301 -0.401559  1.000000    0.050719    0.038797
numThreads  0.054904 -0.034119  0.050719    1.000000   -0.000795
GCInterval  0.050794  0.018714  0.038797   -0.000795    1.000000
R Means Squared
32.00738614925943
