
GC Util
23.930116633596285
20663
5566.0
0.0
11.0
94.18421676203843
17.43548596952118
7.947137456625657e-68
heapSize
328.1758679765765
20663
448.44
100.0
386.72
114.92227239992881
numThreads
99.72898417461163
20663
100.0
12.5
100.0
4.862260718457159
GCInterval
106.55034844891836
20663
128.45
0.0
109.25
19.243445863879394
Correlation
                Time   GC Util  heapSize  numThreads  GCInterval
Time        1.000000 -0.120145  0.763872    0.034236    0.285318
GC Util    -0.120145  1.000000 -0.056138   -0.013228   -0.349567
heapSize    0.763872 -0.056138  1.000000    0.039587    0.133181
numThreads  0.034236 -0.013228  0.039587    1.000000    0.039160
GCInterval  0.285318 -0.349567  0.133181    0.039160    1.000000
R Means Squared
95.54307163010066
