
GC Util
3.9492563429571304
1143
107.0
0.0
0.0
10.806491565460588
-1.6944768606357306
0.0903093217511085
heapSize
100.38496937882763
1143
103.91
100.0
100.0
0.9101372916238691
numThreads
99.54068241469817
1143
100.0
12.5
100.0
6.325687648581974
GCInterval
108.56224846894138
1143
128.45
0.0
109.65
20.54912876744611
Correlation
                Time   GC Util  heapSize  numThreads  GCInterval
Time        1.000000 -0.159814  0.723126    0.008473    0.176389
GC Util    -0.159814  1.000000  0.058537   -0.184162   -0.247799
heapSize    0.723126  0.058537  1.000000   -0.073332   -0.063309
numThreads  0.008473 -0.184162 -0.073332    1.000000    0.151530
GCInterval  0.176389 -0.247799 -0.063309    0.151530    1.000000
R Means Squared
37.634215924129094
