
GC Util
39.461187214611876
657
122.0
0.0
28.0
26.117326165352324
-38.37700295632208
2.679220713984243e-230
heapSize
120.60493150684931
657
144.53
100.0
121.09
13.721259276428395
numThreads
97.6027397260274
657
100.0
12.5
100.0
14.294209079699595
GCInterval
99.84779299847793
657
100
0
100.0
3.901371573204352
Correlation
                Time   GC Util  heapSize  numThreads  GCInterval
Time        1.000000  0.325149  0.972259    0.123932    0.089124
GC Util     0.325149  1.000000  0.269226    0.037980    0.059036
heapSize    0.972259  0.269226  1.000000    0.159794    0.058675
numThreads  0.123932  0.037980  0.159794    1.000000   -0.006553
GCInterval  0.089124  0.059036  0.058675   -0.006553    1.000000
R Means Squared
26.103004020105967
