
GC Util
17.63070930043824
30805
138.0
0.0
16.0
14.093655227781758
-162.15275900355545
0.0
heapSize
507.0923856516798
30805
892.19
100.0
510.94
226.12044600732352
numThreads
93.34767083265703
30805
100.0
12.5
100.0
23.191437609284755
GCInterval
99.99675377373804
30805
100
0
100.0
0.5697566376945913
Correlation
                Time   GC Util  heapSize  numThreads  GCInterval
Time        1.000000 -0.242696  0.993275   -0.064667    0.012345
GC Util    -0.242696  1.000000 -0.255654    0.208341    0.007128
heapSize    0.993275 -0.255654  1.000000   -0.062562    0.010258
numThreads -0.064667  0.208341 -0.062562    1.000000   -0.001634
GCInterval  0.012345  0.007128  0.010258   -0.001634    1.000000
R Means Squared
26.43879414923407
