
GC Util
49.4395141186602
22063
173.0
0.0
46.0
31.25945494286141
-69.54870055783411
0.0
heapSize
383.45389928840143
22063
656.25
100.0
384.38
157.07397678911082
numThreads
97.85840547523003
22063
100.0
12.5
100.0
13.520775853820943
GCInterval
99.9954675248153
22063
100
0
100.0
0.6732365991758295
Correlation
                Time   GC Util  heapSize  numThreads  GCInterval
Time        1.000000  0.456034  0.978645   -0.057343    0.008940
GC Util     0.456034  1.000000  0.431548   -0.021889    0.010648
heapSize    0.978645  0.431548  1.000000   -0.063793    0.012150
numThreads -0.057343 -0.021889 -0.063793    1.000000   -0.001066
GCInterval  0.008940  0.010648  0.012150   -0.001066    1.000000
R Means Squared
32.6529272941984
