
GC Util
8.865818432881037
70971
990.0
0.0
5.0
16.608608223206645
-48.76567390341011
0.0
heapSize
361.9444550591087
70971
525.78
100.0
377.34
94.80545101613527
numThreads
99.82986008369616
70971
100.0
12.5
100.0
3.8546730659927775
GCInterval
111.41534500007045
70971
126.85
0.0
112.45
12.203654917097664
Correlation
                Time   GC Util  heapSize  numThreads  GCInterval
Time        1.000000 -0.130196  0.946206    0.031497    0.133434
GC Util    -0.130196  1.000000 -0.158059   -0.047192   -0.076006
heapSize    0.946206 -0.158059  1.000000    0.038634    0.159143
numThreads  0.031497 -0.047192  0.038634    1.000000    0.019343
GCInterval  0.133434 -0.076006  0.159143    0.019343    1.000000
R Means Squared
35.28709739020338
