
GC Util
37.12871287128713
6767
896.0
0.0
29.0
42.55464205018158
-5.297288366278846
1.194537563131172e-07
heapSize
592.2150820156643
6767
1722.66
100.0
514.84
438.29336393887354
numThreads
99.25003694399291
6767
100.0
12.5
100.0
8.066531995897988
GCInterval
98.21324811585637
6767
137.65
0.0
104.05
23.220271757998102
Correlation
                Time   GC Util  heapSize  numThreads  GCInterval
Time        1.000000 -0.079071  0.957994    0.029893    0.121803
GC Util    -0.079071  1.000000 -0.097643   -0.011322   -0.203086
heapSize    0.957994 -0.097643  1.000000    0.027777    0.119255
numThreads  0.029893 -0.011322  0.027777    1.000000    0.016893
GCInterval  0.121803 -0.203086  0.119255    0.016893    1.000000
R Means Squared
42.64826189480816
