
GC Util
3.3746724890829696
1145
99.0
0.0
0.0
10.004905505812149
-2.7599040031828856
0.0058273706120451525
heapSize
100.17311790393013
1145
103.91
100.0
100.0
0.5046559177818548
numThreads
99.8471615720524
1145
100.0
12.5
100.0
3.6553621494015127
GCInterval
100.18930131004367
1145
107.25
0.0
102.45
17.387967728121733
Correlation
                Time   GC Util  heapSize  numThreads  GCInterval
Time        1.000000 -0.110314  0.384174   -0.031288    0.370286
GC Util    -0.110314  1.000000 -0.020977   -0.027713   -0.119809
heapSize    0.384174 -0.020977  1.000000   -0.050326    0.047571
numThreads -0.031288 -0.027713 -0.050326    1.000000   -0.005441
GCInterval  0.370286 -0.119809  0.047571   -0.005441    1.000000
R Means Squared
37.96610761601612
