
GC Util
23.36100453435647
2867
424.0
0.0
12.0
30.573589396158216
-1.1726873547697618
0.24097062603187608
heapSize
123.19840251133587
2867
172.66
100.0
121.88
20.04400272522816
numThreads
99.32856644576212
2867
100.0
12.5
100.0
7.636750276328597
GCInterval
100.33402511335892
2867
114.05
0.0
102.85
13.029248370568085
Correlation
                Time   GC Util  heapSize  numThreads  GCInterval
Time        1.000000  0.078617  0.772903   -0.038811    0.102071
GC Util     0.078617  1.000000  0.089115   -0.055973   -0.059920
heapSize    0.772903  0.089115  1.000000   -0.048422    0.022225
numThreads -0.038811 -0.055973 -0.048422    1.000000   -0.020298
GCInterval  0.102071 -0.059920  0.022225   -0.020298    1.000000
R Means Squared
34.803369132381015
