
GC Util
20.581907090464547
2863
638.0
0.0
10.0
30.76004686527945
-3.9422164016380745
8.17080296972957e-05
heapSize
124.06931889626264
2863
164.06
100.0
125.0
19.881254521077953
numThreads
93.45965770171149
2863
100.0
12.5
100.0
23.014970900636495
GCInterval
101.78213412504365
2863
114.05
0.0
103.25
11.527008642884903
Correlation
                Time   GC Util  heapSize  numThreads  GCInterval
Time        1.000000  0.070004  0.922989   -0.093764    0.136503
GC Util     0.070004  1.000000  0.068814   -0.264706   -0.059808
heapSize    0.922989  0.068814  1.000000   -0.142974    0.052081
numThreads -0.093764 -0.264706 -0.142974    1.000000    0.071252
GCInterval  0.136503 -0.059808  0.052081    0.071252    1.000000
R Means Squared
36.371861785232625
