
GC Util
52.089305162274016
4591
142.0
0.0
54.0
28.06345666863718
-33.13907616206278
2.395012967039015e-233
heapSize
201.20244391200174
4591
289.84
100.0
203.12
51.71609834947165
numThreads
99.19952080156828
4591
100.0
12.5
100.0
8.33164347501258
GCInterval
99.9782182531039
4591
100
0
100.0
1.4758640484848549
Correlation
                Time   GC Util  heapSize  numThreads  GCInterval
Time        1.000000  0.235219  0.988654    0.044417    0.026304
GC Util     0.235219  1.000000  0.244933    0.021667    0.027400
heapSize    0.988654  0.244933  1.000000    0.045165    0.028887
numThreads  0.044417  0.021667  0.045165    1.000000   -0.001418
GCInterval  0.026304  0.027400  0.028887   -0.001418    1.000000
R Means Squared
30.553843550295383
