
GC Util
38.34893617021277
705
131.0
0.0
27.0
25.844876011584166
-40.14168298276522
9.769688689460985e-248
heapSize
114.89339007092198
705
131.25
100.0
114.06
9.81635659575171
numThreads
98.51063829787235
705
100.0
12.5
100.0
11.326204670322824
GCInterval
99.8581560283688
705
100
0
100.0
3.7662178857735467
Correlation
                Time   GC Util  heapSize  numThreads  GCInterval
Time        1.000000  0.364994  0.972673   -0.011914    0.089595
GC Util     0.364994  1.000000  0.314491    0.023008    0.055963
heapSize    0.972673  0.314491  1.000000    0.000649    0.057222
numThreads -0.011914  0.023008  0.000649    1.000000   -0.004959
GCInterval  0.089595  0.055963  0.057222   -0.004959    1.000000
R Means Squared
25.879261392334325
