
GC Util
54.003824091778206
523
155.0
0.0
48.0
29.435688465929413
-5.655397049741262
1.9274712981643757e-08
heapSize
110.48627151051625
523
123.44
100.0
110.94
7.229595017545014
numThreads
96.31931166347992
523
100.0
12.5
100.0
17.58134760003712
GCInterval
99.80879541108986
523
100
0
100.0
4.3726946944662615
Correlation
                Time   GC Util  heapSize  numThreads  GCInterval
Time        1.000000  0.406536  0.860835   -0.012380    0.120693
GC Util     0.406536  1.000000  0.191632    0.001323    0.080377
heapSize    0.860835  0.191632  1.000000   -0.041940    0.063546
numThreads -0.012380  0.001323 -0.041940    1.000000   -0.009172
GCInterval  0.120693  0.080377  0.063546   -0.009172    1.000000
R Means Squared
32.57161546259584
