
GC Util
2.4887608069164266
1735
118.0
0.0
0.0
8.904450205896035
-3.0969887852584104
0.00197040944417019
heapSize
100.38684726224784
1735
104.69
100.0
100.0
0.880791184690856
numThreads
100.0
1735
100.0
100.0
100.0
0.0
GCInterval
105.56717579250721
1735
114.45
0.0
107.65
14.818631760970165
Correlation
                Time   GC Util  heapSize  numThreads  GCInterval
Time        1.000000 -0.145555  0.689125         NaN    0.181068
GC Util    -0.145555  1.000000  0.007979         NaN   -0.218066
heapSize    0.689125  0.007979  1.000000         NaN    0.047060
numThreads       NaN       NaN       NaN         NaN         NaN
GCInterval  0.181068 -0.218066  0.047060         NaN    1.000000
R Means Squared
38.55303618943171
