
GC Util
8.279149062337854
67455
553.0
0.0
5.0
14.400350122803474
-51.10782774746254
0.0
heapSize
396.0830607071381
67455
584.38
100.0
414.84
109.95819445531164
numThreads
99.96886813431176
67455
100.0
12.5
100.0
1.650184663585914
GCInterval
126.3918975613372
67455
161.25
0.0
128.05
24.209117458188548
Correlation
                Time   GC Util  heapSize  numThreads  GCInterval
Time        1.000000 -0.145758  0.940114    0.020563    0.138531
GC Util    -0.145758  1.000000 -0.175845   -0.038064   -0.074945
heapSize    0.940114 -0.175845  1.000000    0.028036    0.165790
numThreads  0.020563 -0.038064  0.028036    1.000000    0.006553
GCInterval  0.138531 -0.074945  0.165790    0.006553    1.000000
R Means Squared
34.83646643489914
