
GC Util
33.59252772913018
5139
884.0
0.0
27.0
38.3560554501804
-1.606048302004189
0.10829549327041668
heapSize
295.1133605759876
5139
791.41
100.0
250.0
185.85109993265593
numThreads
99.35298696244405
5139
100.0
12.5
100.0
7.497062895117846
GCInterval
99.8929071803853
5139
112.45
0.0
102.05
10.599958723734101
Correlation
                Time   GC Util  heapSize  numThreads  GCInterval
Time        1.000000  0.072856  0.899797   -0.010527    0.053855
GC Util     0.072856  1.000000  0.047010   -0.008142   -0.136236
heapSize    0.899797  0.047010  1.000000   -0.020718   -0.028117
numThreads -0.010527 -0.008142 -0.020718    1.000000   -0.000336
GCInterval  0.053855 -0.136236 -0.028117   -0.000336    1.000000
R Means Squared
38.88388370203341
