
GC Util
34.94837476099426
523
162.0
0.0
32.0
36.63623622623921
-38.85230201981152
2.0899204688867234e-214
heapSize
110.48627151051625
523
123.44
100.0
110.94
7.229595017545014
numThreads
90.63097514340345
523
100.0
12.5
100.0
27.081605716876567
GCInterval
99.80879541108986
523
100
0
100.0
4.372694694466263
Correlation
                Time   GC Util  heapSize  numThreads  GCInterval
Time        1.000000  0.207239  0.864820   -0.102367    0.122124
GC Util     0.207239  1.000000  0.119465   -0.066040    0.041792
heapSize    0.864820  0.119465  1.000000   -0.013672    0.063546
numThreads -0.102367 -0.066040 -0.013672    1.000000   -0.015157
GCInterval  0.122124  0.041792  0.063546   -0.015157    1.000000
R Means Squared
36.948157572365524
