
GC Util
27.660499032690115
20159
150.0
0.0
18.0
24.059134880467628
-120.35598935434115
0.0
heapSize
241.42496750830895
20159
386.72
100.0
238.28
81.95572666528636
numThreads
99.374968996478
20159
100.0
12.5
100.0
7.369005546887294
GCInterval
99.99503943647998
20159
100
0
100.0
0.7043126805628217
Correlation
                Time   GC Util  heapSize  numThreads  GCInterval
Time        1.000000 -0.001954  0.176502    0.014247    0.020930
GC Util    -0.001954  1.000000 -0.460679   -0.034250    0.008098
heapSize    0.176502 -0.460679  1.000000    0.067615    0.012154
numThreads  0.014247 -0.034250  0.067615    1.000000   -0.000597
GCInterval  0.020930  0.008098  0.012154   -0.000597    1.000000
R Means Squared
27.038427126871003
