
GC Util
62.840281973816715
4965
146.0
0.0
66.0
27.80660281794645
-144.83401616400002
0.0
heapSize
278.2883464249748
4965
467.97
100.0
278.12
105.02272854091208
numThreads
99.68277945619336
4965
100.0
12.5
100.0
5.259442941710854
GCInterval
99.97985901309164
4965
100
0
100.0
1.419189448535977
Correlation
                Time   GC Util  heapSize  numThreads  GCInterval
Time        1.000000  0.120686  0.994675   -0.012745    0.032922
GC Util     0.120686  1.000000  0.115052    0.039669    0.032079
heapSize    0.994675  0.115052  1.000000   -0.012022    0.024097
numThreads -0.012745  0.039669 -0.012022    1.000000   -0.000856
GCInterval  0.032922  0.032079  0.024097   -0.000856    1.000000
R Means Squared
35.98235552830803
