
GC Util
19.538983805442708
17969
131.0
0.0
17.0
13.065620016520036
-122.25468990408183
0.0
heapSize
720.9539673882798
17969
1287.5
100.0
736.72
337.7433940780298
numThreads
99.85391507596417
17969
100.0
12.5
100.0
3.572366199055146
GCInterval
99.99443486003673
17969
100
0
100.0
0.7459986570544265
Correlation
                Time   GC Util  heapSize  numThreads  GCInterval
Time        1.000000 -0.190476  0.988219    0.046939    0.017062
GC Util    -0.190476  1.000000 -0.197409   -0.051940    0.011157
heapSize    0.988219 -0.197409  1.000000    0.048732    0.013716
numThreads  0.046939 -0.051940  0.048732    1.000000   -0.000305
GCInterval  0.017062  0.011157  0.013716   -0.000305    1.000000
R Means Squared
24.27661652405176
