
GC Util
17.105610837026507
11959
429.0
0.0
8.0
24.38596587082048
-7.953905188976597
1.88750657091161e-15
heapSize
190.15558157036543
11959
267.97
100.0
200.0
43.31084648590722
numThreads
99.31223346433649
11959
100.0
12.5
100.0
7.72732438068372
GCInterval
102.88969395434401
11959
114.05
0.0
104.45
9.540175531864277
Correlation
                Time   GC Util  heapSize  numThreads  GCInterval
Time        1.000000 -0.163670  0.935057    0.061468    0.173706
GC Util    -0.163670  1.000000 -0.158284   -0.083334   -0.003124
heapSize    0.935057 -0.158284  1.000000    0.064627    0.156346
numThreads  0.061468 -0.083334  0.064627    1.000000    0.000291
GCInterval  0.173706 -0.003124  0.156346    0.000291    1.000000
R Means Squared
33.44814883402537
