
GC Util
21.324996091918088
19191
4510.0
0.0
10.0
80.83168650001961
15.827529655527233
3.03346343905028e-56
heapSize
346.4685331665885
19191
485.16
100.0
396.88
120.8265520284396
numThreads
99.82674170183941
19191
100.0
12.5
100.0
3.8898420388175623
GCInterval
111.4547157521755
19191
142.05
0.0
114.05
23.726794876538015
Correlation
                Time   GC Util  heapSize  numThreads  GCInterval
Time        1.000000 -0.122924  0.778929    0.037976    0.280741
GC Util    -0.122924  1.000000 -0.052171   -0.010001   -0.326926
heapSize    0.778929 -0.052171  1.000000    0.032093    0.101275
numThreads  0.037976 -0.010001  0.032093    1.000000    0.039295
GCInterval  0.280741 -0.326926  0.101275    0.039295    1.000000
R Means Squared
82.95888652660136
