
GC Util
35.29453262786596
567
118.0
0.0
32.0
17.16052938115842
-34.16006273699625
3.1629019581688543e-186
heapSize
128.88007054673722
567
162.5
100.0
127.34
19.64785385546616
numThreads
99.69135802469135
567
100.0
12.5
100.0
5.192153575657918
GCInterval
99.8236331569665
567
100
0
100.0
4.1996052556580805
Correlation
                Time   GC Util  heapSize  numThreads  GCInterval
Time        1.000000  0.322801  0.778249    0.115789    0.115359
GC Util     0.322801  1.000000  0.307729   -0.012858    0.086527
heapSize    0.778249  0.307729  1.000000    0.087530    0.061838
numThreads  0.115789 -0.012858  0.087530    1.000000   -0.002501
GCInterval  0.115359  0.086527  0.061838   -0.002501    1.000000
R Means Squared
17.77936500850973
