
GC Util
11.494095711622126
1609
99.0
0.0
7.0
14.839988038015582
4.7810694834971645
1.8240329292560641e-06
heapSize
100.25208203853323
1609
101.56
100.0
100.0
0.5743758916487404
numThreads
99.45618396519578
1609
100.0
12.5
100.0
6.878777160936191
GCInterval
113.5877874456184
1609
139.25
0.0
115.25
20.051870818838566
Correlation
                Time   GC Util  heapSize  numThreads  GCInterval
Time        1.000000 -0.179410 -0.017416    0.083832    0.296304
GC Util    -0.179410  1.000000 -0.036930   -0.172210   -0.158811
heapSize   -0.017416 -0.036930  1.000000   -0.008252    0.085024
numThreads  0.083832 -0.172210 -0.008252    1.000000    0.119843
GCInterval  0.296304 -0.158811  0.085024    0.119843    1.000000
R Means Squared
32.13526028192703
