
GC Util
2.217215482380127
1731
45.0
0.0
0.0
6.684825667681823
-3.950837463063418
7.94110177037887e-05
heapSize
100.43798960138646
1731
102.34
100.0
100.0
0.9129853856128672
numThreads
100.0
1731
100.0
100.0
100.0
0.0
GCInterval
118.77461005199306
1731
142.05
0.0
121.25
20.081385948816116
Correlation
                Time   GC Util  heapSize  numThreads  GCInterval
Time        1.000000 -0.202388  0.765990         NaN    0.145442
GC Util    -0.202388  1.000000  0.005678         NaN   -0.231223
heapSize    0.765990  0.005678  1.000000         NaN   -0.034407
numThreads       NaN       NaN       NaN         NaN         NaN
GCInterval  0.145442 -0.231223 -0.034407         NaN    1.000000
R Means Squared
38.369257022515434
