
GC Util
2.3625932300631094
1743
103.0
0.0
0.0
7.615503292694013
-3.518632298712328
0.0004392679966821087
heapSize
100.71507745266781
1743
107.03
100.0
100.0
1.5771446616890625
numThreads
100.0
1743
100.0
100.0
100.0
0.0
GCInterval
128.8997418244406
1743
162.85
0.0
131.65
25.585556842376036
Correlation
                Time   GC Util  heapSize  numThreads  GCInterval
Time        1.000000 -0.197673  0.737495         NaN    0.189799
GC Util    -0.197673  1.000000  0.023782         NaN   -0.261169
heapSize    0.737495  0.023782  1.000000         NaN   -0.023834
numThreads       NaN       NaN       NaN         NaN         NaN
GCInterval  0.189799 -0.261169 -0.023834         NaN    1.000000
R Means Squared
38.39970058689926
