
GC Util
8.912850812407681
677
116.0
0.0
3.0
17.425660285552265
1.2923424389183333
0.19646806887207632
heapSize
100.05530280649927
677
101.56
100.0
100.0
0.28868161585447183
numThreads
99.74150664697194
677
100.0
12.5
100.0
4.752337273487274
GCInterval
100.4073116691285
677
113.65
0.0
105.25
22.97886768145788
Correlation
                Time   GC Util  heapSize  numThreads  GCInterval
Time        1.000000 -0.080384  0.082441    0.085067    0.420177
GC Util    -0.080384  1.000000 -0.021978   -0.250356   -0.090916
heapSize    0.082441 -0.021978  1.000000    0.010435    0.054208
numThreads  0.085067 -0.250356  0.010435    1.000000   -0.001524
GCInterval  0.420177 -0.090916  0.054208   -0.001524    1.000000
R Means Squared
35.63167064189727
