
GC Util
58.00353241316151
15287
162.0
0.0
57.0
30.437870186102497
-92.42022584501885
0.0
heapSize
199.97892719303982
15287
303.12
100.0
200.0
54.49190725763812
numThreads
99.37038006149015
15287
100.0
12.5
100.0
7.3958705697494
GCInterval
99.99345849414536
15287
100
0
100.0
0.8087957625165786
Correlation
                Time   GC Util  heapSize  numThreads  GCInterval
Time        1.000000 -0.049485  0.990337   -0.007533    0.021065
GC Util    -0.049485  1.000000 -0.048569    0.033982    0.015414
heapSize    0.990337 -0.048569  1.000000   -0.009708    0.014840
numThreads -0.007533  0.033982 -0.009708    1.000000   -0.000689
GCInterval  0.021065  0.015414  0.014840   -0.000689    1.000000
R Means Squared
35.36284089443058
