
GC Util
27.647241647241646
1287
137.0
0.0
15.0
26.712888643490214
-41.419405978951986
0.0
heapSize
168.23025641025643
1287
248.44
100.0
166.41
41.81109344797417
numThreads
99.72804972804973
1287
100.0
12.5
100.0
4.8723852424525
GCInterval
99.92229992229993
1287
100
0
100.0
2.787473366690303
Correlation
                Time   GC Util  heapSize  numThreads  GCInterval
Time        1.000000  0.200442  0.973228   -0.023306    0.033795
GC Util     0.200442  1.000000  0.212450   -0.040468    0.028872
heapSize    0.973228  0.212450  1.000000   -0.008002    0.045523
numThreads -0.023306 -0.040468 -0.008002    1.000000   -0.001557
GCInterval  0.033795  0.028872  0.045523   -0.001557    1.000000
R Means Squared
29.421329127260847
