
GC Util
23.42254955731411
12763
136.0
0.0
17.0
17.31180670767468
-104.3889208159717
0.0
heapSize
280.9743054140876
12763
459.38
100.0
279.69
101.75004632783448
numThreads
99.69834678367155
12763
100.0
12.5
100.0
5.1289104942728025
GCInterval
99.99216485152394
12763
100
0
100.0
0.8851637405623677
Correlation
                Time   GC Util  heapSize  numThreads  GCInterval
Time        1.000000 -0.365415  0.959381    0.039522    0.023861
GC Util    -0.365415  1.000000 -0.412768   -0.037946    0.011977
heapSize    0.959381 -0.412768  1.000000    0.046932    0.015745
numThreads  0.039522 -0.037946  0.046932    1.000000   -0.000521
GCInterval  0.023861  0.011977  0.015745   -0.000521    1.000000
R Means Squared
23.96845912505166
