
GC Util
19.505164174502852
6487
111.0
0.0
7.0
26.90720677230195
-89.18506057169677
0.0
heapSize
219.50340681362727
6487
329.69
100.0
223.44
64.11844662963668
numThreads
98.51626329582241
6487
100.0
12.5
100.0
11.298015935548557
GCInterval
99.98458455372283
6487
100
0
100.0
1.2415895568653006
Correlation
                Time   GC Util  heapSize  numThreads  GCInterval
Time        1.000000 -0.389543  0.994600    0.068826    0.022673
GC Util    -0.389543  1.000000 -0.388562   -0.068715    0.009002
heapSize    0.994600 -0.388562  1.000000    0.062009    0.023144
numThreads  0.068826 -0.068715  0.062009    1.000000   -0.001631
GCInterval  0.022673  0.009002  0.023144   -0.001631    1.000000
R Means Squared
33.82195240244481
