
GC Util
57.91823623886699
6849
1498.0
0.0
40.0
95.9210395345743
12.604753386735114
3.243734736169285e-36
heapSize
176.87686377573368
6849
637.5
100.0
100.0
128.23844931192312
numThreads
97.6492918674259
6849
100.0
12.5
100.0
14.148864336514002
GCInterval
88.98238428967733
6849
136.85
0.0
99.25
29.68737413196276
Correlation
                Time   GC Util  heapSize  numThreads  GCInterval
Time        1.000000  0.228250  0.871144    0.122033   -0.417781
GC Util     0.228250  1.000000  0.254887    0.023941   -0.390088
heapSize    0.871144  0.254887  1.000000    0.094717   -0.471989
numThreads  0.122033  0.023941  0.094717    1.000000   -0.050193
GCInterval -0.417781 -0.390088 -0.471989   -0.050193    1.000000
R Means Squared
97.57338586940078
