
GC Util
58.38286138508855
9429
190.0
0.0
51.0
36.22884570001064
-221.08043895965196
0.0
heapSize
441.7206999681833
9429
786.72
100.0
442.19
199.35593631858126
numThreads
97.82850779510022
9429
100.0
12.5
100.0
13.612855788323433
GCInterval
99.98939442146569
9429
100
0
100.0
1.0298338960390185
Correlation
                Time   GC Util  heapSize  numThreads  GCInterval
Time        1.000000  0.697638  0.977167    0.076672    0.012845
GC Util     0.697638  1.000000  0.660206    0.051141    0.016598
heapSize    0.977167  0.660206  1.000000    0.072822    0.017654
numThreads  0.076672  0.051141  0.072822    1.000000   -0.001643
GCInterval  0.012845  0.016598  0.017654   -0.001643    1.000000
R Means Squared
40.624126478449035
