
GC Util
13.06409719312945
2387
708.0
0.0
5.0
35.747491504143774
4.485524605101317
7.440384926391257e-06
heapSize
104.7745370758274
2387
139.06
100.0
100.0
9.154078469463307
numThreads
99.7800586510264
2387
100.0
12.5
100.0
4.3822984048574085
GCInterval
103.80965647255971
2387
114.45
0.0
105.25
13.651802749924448
Correlation
                Time   GC Util  heapSize  numThreads  GCInterval
Time        1.000000  0.064694  0.257117   -0.025133    0.336008
GC Util     0.064694  1.000000  0.099239   -0.022851   -0.112702
heapSize    0.257117  0.099239  1.000000   -0.048096   -0.042723
numThreads -0.025133 -0.022851 -0.048096    1.000000    0.013337
GCInterval  0.336008 -0.112702 -0.042723    0.013337    1.000000
R Means Squared
44.75366641661181
