
GC Util
136.49805090575555
13083
383.0
0.0
140.0
47.3935491578857
1.1007080329747283
0.2710340190444162
heapSize
100.0
13083
100
100
100.0
0.0
numThreads
98.97003745318352
13083
100.0
12.5
100.0
9.437568961069545
GCInterval
99.99235649315906
13083
100
0
100.0
0.8742715162315778
Correlation
                Time   GC Util  heapSize  numThreads  GCInterval
Time        1.000000  0.341693       NaN    0.082059    0.064737
GC Util     0.341693  1.000000       NaN    0.149131    0.025182
heapSize         NaN       NaN       NaN         NaN         NaN
numThreads  0.082059  0.149131       NaN    1.000000   -0.000954
GCInterval  0.064737  0.025182       NaN   -0.000954    1.000000
R Means Squared
107.50744460676353
