
GC Util
40.98002663115845
751
129.0
0.0
28.0
27.743652737144938
-14.849411791492836
2.632837656791872e-47
heapSize
122.70090545938749
751
144.53
100.0
123.44
13.991236170512245
numThreads
98.60186418109188
751
100.0
12.5
100.0
10.979189854152656
GCInterval
99.86684420772303
751
100
0
100.0
3.6490518258441336
Correlation
                Time   GC Util  heapSize  numThreads  GCInterval
Time        1.000000  0.315298  0.973116   -0.000358    0.086902
GC Util     0.315298  1.000000  0.265370    0.052764    0.053972
heapSize    0.973116  0.265370  1.000000   -0.006736    0.059285
numThreads -0.000358  0.052764 -0.006736    1.000000   -0.004653
GCInterval  0.086902  0.053972  0.059285   -0.004653    1.000000
R Means Squared
27.74249097670473
