
GC Util
55.102688694525426
3087
171.0
0.0
58.0
28.568552065239302
-121.70370238224218
0.0
heapSize
172.9925753158406
3087
248.44
100.0
173.44
43.49219942508742
numThreads
97.78911564625851
3087
100.0
12.5
100.0
13.734098969102506
GCInterval
99.96760609005507
3087
100
0
100.0
1.7998308238534624
Correlation
                Time   GC Util  heapSize  numThreads  GCInterval
Time        1.000000  0.128326  0.980882   -0.014658    0.037192
GC Util     0.128326  1.000000  0.135861   -0.015319    0.034726
heapSize    0.980882  0.135861  1.000000   -0.005353    0.030216
numThreads -0.014658 -0.015319 -0.005353    1.000000   -0.002898
GCInterval  0.037192  0.034726  0.030216   -0.002898    1.000000
R Means Squared
32.31081840607908
