
GC Util
66.55772113943029
14007
192.0
0.0
59.0
39.21260303328045
-33.162022095178784
3.8609775429438234e-240
heapSize
564.3704747626186
14007
998.44
100.0
564.84
251.7688001451195
numThreads
99.6751624187906
14007
100.0
12.5
100.0
5.321634216378996
GCInterval
99.9928607125009
14007
100
0
100.0
0.8449430453650464
Correlation
                Time   GC Util  heapSize  numThreads  GCInterval
Time        1.000000  0.789668  0.977242    0.042205    0.010890
GC Util     0.789668  1.000000  0.774822    0.033740    0.014343
heapSize    0.977242  0.774822  1.000000    0.049610    0.015586
numThreads  0.042205  0.033740  0.049610    1.000000   -0.000516
GCInterval  0.010890  0.014343  0.015586   -0.000516    1.000000
R Means Squared
47.35853685519535
