
GC Util
60.449136276391556
521
156.0
0.0
52.0
33.764253460613446
-30.764716463793764
1.2755564868656277e-153
heapSize
110.43654510556622
521
123.44
100.0
110.94
7.198625747747596
numThreads
96.97696737044146
521
100.0
12.5
100.0
15.995866269400626
GCInterval
99.8080614203455
521
100
0
100.0
4.381079543383235
Correlation
                Time   GC Util  heapSize  numThreads  GCInterval
Time        1.000000  0.537504  0.788165    0.028678    0.126156
GC Util     0.537504  1.000000  0.348142    0.120288    0.078587
heapSize    0.788165  0.348142  1.000000    0.096444    0.063639
numThreads  0.028678  0.120288  0.096444    1.000000   -0.008296
GCInterval  0.126156  0.078587  0.063639   -0.008296    1.000000
R Means Squared
39.44621450496351
