
GC Util
137.62773172569706
11943
402.0
0.0
137.0
44.71000072393109
3.1300183331736324
0.001749993423981997
heapSize
100.0
11943
100
100
100.0
0.0
numThreads
99.72159423930336
11943
100.0
12.5
100.0
4.927984142058304
GCInterval
99.99162689441513
11943
100
0
100.0
0.9150467520767138
Correlation
                Time   GC Util  heapSize  numThreads  GCInterval
Time        1.000000  0.347283       NaN    0.028572    0.025530
GC Util     0.347283  1.000000       NaN    0.077745    0.028170
heapSize         NaN       NaN       NaN         NaN         NaN
numThreads  0.028572  0.077745       NaN    1.000000   -0.000517
GCInterval  0.025530  0.028170       NaN   -0.000517    1.000000
R Means Squared
107.37779467647795
