
GC Util
42.17367706919946
737
117.0
0.0
36.0
20.8796945168841
-5.899465886543335
4.469101844479539e-09
heapSize
122.28624151967435
737
142.19
100.0
123.44
13.792826668679671
numThreads
97.86295793758481
737
100.0
12.5
100.0
13.515623947685109
GCInterval
99.86431478968792
737
100
0
100.0
3.683547343418786
Correlation
                Time   GC Util  heapSize  numThreads  GCInterval
Time        1.000000  0.414361  0.788606   -0.094161    0.114480
GC Util     0.414361  1.000000  0.453055   -0.043339    0.074503
heapSize    0.788606  0.453055  1.000000   -0.147717    0.059599
numThreads -0.094161 -0.043339 -0.147717    1.000000   -0.005832
GCInterval  0.114480  0.074503  0.059599   -0.005832    1.000000
R Means Squared
20.978440829747534
