
GC Util
33.36479620639042
8857
3462.0
0.0
10.0
108.28911247951409
13.947705307080565
5.737305851044098e-44
heapSize
257.59188890143395
8857
480.47
100.0
258.59
129.47255969374982
numThreads
99.54555718640623
8857
100.0
12.5
100.0
6.28980879149867
GCInterval
100.19414587332054
8857
114.45
0.0
104.45
14.993691438997885
Correlation
                Time   GC Util  heapSize  numThreads  GCInterval
Time        1.000000  0.023085  0.572834   -0.000030    0.109563
GC Util     0.023085  1.000000  0.036047   -0.003731   -0.347331
heapSize    0.572834  0.036047  1.000000    0.012787   -0.070275
numThreads -0.000030 -0.003731  0.012787    1.000000    0.052282
GCInterval  0.109563 -0.347331 -0.070275    0.052282    1.000000
R Means Squared
108.48609969185931
