
GC Util
30.603580562659847
1173
122.0
0.0
16.0
29.187908703303606
-107.22080872610785
0.0
heapSize
165.81684569479964
1173
240.62
100.0
166.41
41.31195653196792
numThreads
99.55242966751918
1173
100.0
12.5
100.0
6.244624007039152
GCInterval
99.9147485080989
1173
100
0
100.0
2.9197858123689184
Correlation
                Time   GC Util  heapSize  numThreads  GCInterval
Time        1.000000  0.205242  0.973774    0.067018    0.034856
GC Util     0.205242  1.000000  0.209210   -0.001793    0.030640
heapSize    0.973774  0.209210  1.000000    0.069063    0.046557
numThreads  0.067018 -0.001793  0.069063    1.000000   -0.002094
GCInterval  0.034856  0.030640  0.046557   -0.002094    1.000000
R Means Squared
30.651271201329635
