
GC Util
60.56180408738548
7095
1593.0
0.0
40.0
109.32170258413187
13.028966433267865
1.4482409870657202e-38
heapSize
175.1447582804792
7095
782.03
100.0
100.0
125.56038711427463
numThreads
95.36293164200141
7095
100.0
12.5
100.0
19.603449762795815
GCInterval
95.1838548273432
7095
113.25
0.0
100.45
14.89827854358455
Correlation
                Time   GC Util  heapSize  numThreads  GCInterval
Time        1.000000  0.249246  0.849800    0.164323   -0.402573
GC Util     0.249246  1.000000  0.237842    0.034459   -0.398453
heapSize    0.849800  0.237842  1.000000    0.110548   -0.401963
numThreads  0.164323  0.034459  0.110548    1.000000   -0.062642
GCInterval -0.402573 -0.398453 -0.401963   -0.062642    1.000000
R Means Squared
111.23101179300727
