
GC Util
21.36275731150264
16857
1573.0
0.0
8.0
71.69846135314322
17.7521237512102
3.3149237460789145e-70
heapSize
348.92564157323375
16857
467.97
100.0
409.38
127.48019601319568
numThreads
98.14172154001305
16857
100.0
12.5
100.0
12.615688959719483
GCInterval
103.63559055585216
16857
114.45
0.0
105.25
10.806598845326942
Correlation
                Time   GC Util  heapSize  numThreads  GCInterval
Time        1.000000 -0.145816  0.811818    0.134871    0.267603
GC Util    -0.145816  1.000000 -0.056828   -0.141753   -0.374527
heapSize    0.811818 -0.056828  1.000000    0.056273    0.100672
numThreads  0.134871 -0.141753  0.056273    1.000000    0.182341
GCInterval  0.267603 -0.374527  0.100672    0.182341    1.000000
R Means Squared
74.07908758814243
