
GC Util
6.851844843897824
5285
3589.0
0.0
0.0
79.1089391970612
1.8943456173458477
0.05820896246167728
heapSize
126.55321097445601
5285
142.19
100.0
131.25
12.86286160353417
numThreads
99.5364238410596
5285
100.0
12.5
100.0
6.352609458808726
GCInterval
105.868789025544
5285
114.45
0.0
107.65
11.023231775116319
Correlation
                Time   GC Util  heapSize  numThreads  GCInterval
Time        1.000000 -0.090404  0.673229    0.017833    0.242292
GC Util    -0.090404  1.000000 -0.085703   -0.014767   -0.161926
heapSize    0.673229 -0.085703  1.000000   -0.000687    0.183624
numThreads  0.017833 -0.014767 -0.000687    1.000000    0.030393
GCInterval  0.242292 -0.161926  0.183624    0.030393    1.000000
R Means Squared
85.76619557112006
