
GC Util
32.2245628818201
4747
770.0
0.0
26.0
37.09132309076718
-3.2632699454901726
0.0011052726881732383
heapSize
314.88987571097533
4747
910.16
100.0
246.09
207.2961053011743
numThreads
99.15209606066989
4747
100.0
12.5
100.0
8.5725220655725
GCInterval
100.112334105751
4747
117.65
0.0
103.25
14.339216839044019
Correlation
                Time   GC Util  heapSize  numThreads  GCInterval
Time        1.000000  0.071554  0.935827   -0.013222    0.039167
GC Util     0.071554  1.000000  0.053824   -0.023406   -0.164765
heapSize    0.935827  0.053824  1.000000   -0.008926   -0.021877
numThreads -0.013222 -0.023406 -0.008926    1.000000    0.002290
GCInterval  0.039167 -0.164765 -0.021877    0.002290    1.000000
R Means Squared
37.893717856127076
