
GC Util
49.15047619047619
2625
141.0
0.0
35.0
28.107627167624678
-118.94968379035424
0.0
heapSize
192.57142857142858
2625
287.5
100.0
191.41
55.45673415592031
numThreads
99.6
2625
100.0
12.5
100.0
5.903666440359278
GCInterval
99.96190476190476
2625
100
0
100.0
1.951800145897067
Correlation
                Time   GC Util  heapSize  numThreads  GCInterval
Time        1.000000  0.179270  0.989305    0.048727    0.031010
GC Util     0.179270  1.000000  0.183294    0.020860    0.034143
heapSize    0.989305  0.183294  1.000000    0.055372    0.032593
numThreads  0.048727  0.020860  0.055372    1.000000   -0.001323
GCInterval  0.031010  0.034143  0.032593   -0.001323    1.000000
R Means Squared
29.554508156640882
