
GC Util
41.58297872340425
705
137.0
0.0
28.0
27.210391244573923
-38.22309870674414
1.1818656103860452e-230
heapSize
114.89339007092198
705
131.25
100.0
114.06
9.81635659575171
numThreads
97.26950354609929
705
100.0
12.5
100.0
15.224703979350972
GCInterval
99.8581560283688
705
100
0
100.0
3.766217885773547
Correlation
                Time   GC Util  heapSize  numThreads  GCInterval
Time        1.000000  0.286288  0.961361    0.069111    0.088138
GC Util     0.286288  1.000000  0.224832    0.033850    0.057637
heapSize    0.961361  0.224832  1.000000    0.100990    0.057222
numThreads  0.069111  0.033850  0.100990    1.000000   -0.006764
GCInterval  0.088138  0.057637  0.057222   -0.006764    1.000000
R Means Squared
27.237125268790784
