
GC Util
55.379714500375655
6655
2974.0
0.0
39.0
106.44613191336423
9.696080900672449
3.736313826178044e-22
heapSize
178.11371900826444
6655
800.0
100.0
100.0
133.79169566761027
numThreads
98.2381667918858
6655
100.0
12.5
100.0
12.291421847866477
GCInterval
89.81797896318557
6655
154.45
0.0
100.45
34.241988747808264
Correlation
                Time   GC Util  heapSize  numThreads  GCInterval
Time        1.000000  0.229356  0.868080    0.090293   -0.438069
GC Util     0.229356  1.000000  0.240752    0.017276   -0.352695
heapSize    0.868080  0.240752  1.000000    0.070156   -0.499858
numThreads  0.090293  0.017276  0.070156    1.000000   -0.028853
GCInterval -0.438069 -0.352695 -0.499858   -0.028853    1.000000
R Means Squared
107.5435354683712
