
GC Util
16.939711465451783
6585
130.0
0.0
5.0
26.106896180263156
-92.11037852428453
0.0
heapSize
221.24524829157176
6585
362.5
100.0
226.56
64.89067896795886
numThreads
94.87091875474563
6585
100.0
12.5
100.0
20.55605271695364
GCInterval
99.98481397114655
6585
100
0
100.0
1.2323160655227547
Correlation
                Time   GC Util  heapSize  numThreads  GCInterval
Time        1.000000 -0.369757  0.987685    0.048259    0.021843
GC Util    -0.369757  1.000000 -0.372434   -0.080664    0.007997
heapSize    0.987685 -0.372434  1.000000    0.048891    0.023029
numThreads  0.048259 -0.080664  0.048891    1.000000   -0.003075
GCInterval  0.021843  0.007997  0.023029   -0.003075    1.000000
R Means Squared
34.831644119141444
