
GC Util
37.823829663117984
6857
612.0
0.0
29.0
40.56239914456548
-4.550913914768852
5.389440554657805e-06
heapSize
571.5223246317631
6857
2041.41
100.0
425.0
453.5616289369976
numThreads
99.36196587428904
6857
100.0
12.5
100.0
7.445064272103683
GCInterval
98.91835350736474
6857
112.85
0.0
101.65
11.02920414997831
Correlation
                Time   GC Util  heapSize  numThreads  GCInterval
Time        1.000000 -0.104549  0.918986    0.027808    0.189590
GC Util    -0.104549  1.000000 -0.107844    0.003685   -0.148949
heapSize    0.918986 -0.107844  1.000000    0.024913    0.153708
numThreads  0.027808  0.003685  0.024913    1.000000    0.003951
GCInterval  0.189590 -0.148949  0.153708    0.003951    1.000000
R Means Squared
40.61777930803925
