
GC Util
56.59015632973048
21557
150.0
0.0
58.0
28.66171449618929
-145.1093670585404
0.0
heapSize
376.40368233056546
21557
648.44
100.0
376.56
152.68608614876513
numThreads
98.14909310200864
21557
100.0
12.5
100.0
12.591102076164683
GCInterval
99.99536113559401
21557
100
0
100.0
0.6810920940660972
Correlation
                Time   GC Util  heapSize  numThreads  GCInterval
Time        1.000000  0.016821  0.994557    0.014326    0.013706
GC Util     0.016821  1.000000  0.013702    0.020394    0.013448
heapSize    0.994557  0.013702  1.000000    0.017741    0.012330
numThreads  0.014326  0.020394  0.017741    1.000000   -0.001001
GCInterval  0.013706  0.013448  0.012330   -0.001001    1.000000
R Means Squared
33.116295942011185
