
GC Util
61.00567107750473
529
174.0
0.0
54.0
36.692027635719356
-3.4360623269247372
0.0006096196345915762
heapSize
110.63319470699433
529
123.44
100.0
110.94
7.318352333210135
numThreads
96.36105860113422
529
100.0
12.5
100.0
17.48552094781952
GCInterval
99.8109640831758
529
100
0
100.0
4.347826086956522
Correlation
                Time   GC Util  heapSize  numThreads  GCInterval
Time        1.000000  0.398488  0.801641   -0.074715    0.126450
GC Util     0.398488  1.000000  0.245721    0.008298    0.072426
heapSize    0.801641  0.245721  1.000000   -0.069349    0.063291
numThreads -0.074715  0.008298 -0.069349    1.000000   -0.009065
GCInterval  0.126450  0.072426  0.063291   -0.009065    1.000000
R Means Squared
42.24923797704323
