
GC Util
34.596119929453266
5103
1198.0
0.0
27.0
49.682998635600185
-0.3258607707587131
0.7445366755365693
heapSize
308.1244052518126
5103
1017.97
100.0
229.69
210.18391108797348
numThreads
99.31412894375858
5103
100.0
12.5
100.0
7.717186591962744
GCInterval
100.01619635508524
5103
136.45
0.0
105.25
22.71326393668763
Correlation
                Time   GC Util  heapSize  numThreads  GCInterval
Time        1.000000  0.023960  0.926303    0.005686    0.000043
GC Util     0.023960  1.000000  0.001602   -0.010295   -0.201120
heapSize    0.926303  0.001602  1.000000    0.012110   -0.031973
numThreads  0.005686 -0.010295  0.012110    1.000000    0.005856
GCInterval  0.000043 -0.201120 -0.031973    0.005856    1.000000
R Means Squared
49.971177269613634
