
GC Util
20.94699968154315
21981
1137.0
0.0
11.0
53.088759117299055
22.663055893200863
5.139713227768249e-113
heapSize
355.4203102679587
21981
492.19
100.0
403.91
109.94915971201324
numThreads
99.57008325371912
21981
100.0
12.5
100.0
6.118381316485908
GCInterval
103.86070469951324
21981
114.45
0.0
104.85
9.261487484083952
Correlation
                Time   GC Util  heapSize  numThreads  GCInterval
Time        1.000000 -0.033914  0.431936   -0.047348    0.118725
GC Util    -0.033914  1.000000 -0.053215   -0.036715   -0.429033
heapSize    0.431936 -0.053215  1.000000    0.001494    0.099203
numThreads -0.047348 -0.036715  0.001494    1.000000    0.043975
GCInterval  0.118725 -0.429033  0.099203    0.043975    1.000000
R Means Squared
56.40305794174574
