
GC Util
20.96
7475
125.0
0.0
17.0
15.133528585555519
-82.74264536396005
0.0
heapSize
367.8564040133779
7475
611.72
100.0
369.53
143.41265236823025
numThreads
99.76588628762542
7475
100.0
12.5
100.0
4.520273675046304
GCInterval
99.9866220735786
7475
100
0
100.0
1.156629863932481
Correlation
                Time   GC Util  heapSize  numThreads  GCInterval
Time        1.000000 -0.374930  0.971576    0.052184    0.032829
GC Util    -0.374930  1.000000 -0.409282   -0.070304    0.016022
heapSize    0.971576 -0.409282  1.000000    0.059216    0.021606
numThreads  0.052184 -0.070304  0.059216    1.000000   -0.000599
GCInterval  0.032829  0.016022  0.021606   -0.000599    1.000000
R Means Squared
24.32107417096193
