
GC Util
65.56696204648053
5981
162.0
0.0
69.0
27.1535532998185
-156.48847886285236
0.0
heapSize
243.67108510282557
5981
393.75
100.0
243.75
84.35474611752116
numThreads
98.0103661595051
5981
100.0
12.5
100.0
13.044645214759514
GCInterval
99.98328038789501
5981
100
0
100.0
1.2930433908032306
Correlation
                Time   GC Util  heapSize  numThreads  GCInterval
Time        1.000000  0.099173  0.994219    0.005481    0.029529
GC Util     0.099173  1.000000  0.088684    0.054409    0.031228
heapSize    0.994219  0.088684  1.000000    0.004179    0.022027
numThreads  0.005481  0.054409  0.004179    1.000000   -0.001973
GCInterval  0.029529  0.031228  0.022027   -0.001973    1.000000
R Means Squared
37.294258657438036
