
GC Util
21.629274881807575
16287
138.0
0.0
17.0
16.6304207071851
-356.4506178515874
0.0
heapSize
495.2427445201694
16287
893.75
100.0
495.31
229.57440081557823
numThreads
99.80659421624608
16287
100.0
12.5
100.0
4.10933535966502
GCInterval
99.99386013384908
16287
100
0
100.0
0.7835729800674542
Correlation
                Time   GC Util  heapSize  numThreads  GCInterval
Time        1.000000 -0.249462  0.990659    0.059003    0.016767
GC Util    -0.249462  1.000000 -0.264732   -0.062056    0.010192
heapSize    0.990659 -0.264732  1.000000    0.064340    0.013491
numThreads  0.059003 -0.062056  0.064340    1.000000   -0.000369
GCInterval  0.016767  0.010192  0.013491   -0.000369    1.000000
R Means Squared
24.779779118941327
