
GC Util
53.44168260038241
523
173.0
0.0
47.0
39.92807161522528
-5.572084167908554
3.0832870937055484e-08
heapSize
110.48627151051625
523
123.44
100.0
110.94
7.229595017545014
numThreads
86.95028680688337
523
100.0
12.5
100.0
31.1996170848205
GCInterval
99.80879541108986
523
100
0
100.0
4.372694694466262
Correlation
                Time   GC Util  heapSize  numThreads  GCInterval
Time        1.000000  0.415318  0.850605   -0.136329    0.120042
GC Util     0.415318  1.000000  0.263555   -0.205544    0.058638
heapSize    0.850605  0.263555  1.000000   -0.119045    0.063546
numThreads -0.136329 -0.205544 -0.119045    1.000000   -0.018324
GCInterval  0.120042  0.058638  0.063546   -0.018324    1.000000
R Means Squared
42.093722253500886
