
GC Util
33.22281493639721
2437
135.0
0.0
15.0
29.537318881154423
-49.67689715054115
0.0
heapSize
128.6365613459171
2437
160.16
100.0
128.91
17.249878786181757
numThreads
98.5638079606073
2437
100.0
12.5
100.0
11.120022324398699
GCInterval
99.95896594173163
2437
100
0
100.0
2.025686507541647
Correlation
                Time   GC Util  heapSize  numThreads  GCInterval
Time        1.000000  0.118670  0.982779   -0.075881    0.031263
GC Util     0.118670  1.000000  0.118926   -0.029208    0.022794
heapSize    0.982779  0.118926  1.000000   -0.077801    0.033642
numThreads -0.075881 -0.029208 -0.077801    1.000000   -0.002617
GCInterval  0.031263  0.022794  0.033642   -0.002617    1.000000
R Means Squared
30.298934653154497
