
GC Util
53.73846650177438
9299
150.0
0.0
52.0
29.175738186070298
-77.02654113884863
0.0
heapSize
287.81909452629316
9299
470.31
100.0
289.84
100.38520961774977
numThreads
99.02140015055382
9299
100.0
12.5
100.0
9.202115811173066
GCInterval
99.9892461555006
9299
100
0
100.0
1.037007449317917
Correlation
                Time   GC Util  heapSize  numThreads  GCInterval
Time        1.000000  0.054316  0.989458   -0.015903    0.026139
GC Util     0.054316  1.000000  0.041965    0.030944    0.019103
heapSize    0.989458  0.041965  1.000000   -0.014466    0.019404
numThreads -0.015903  0.030944 -0.014466    1.000000   -0.001103
GCInterval  0.026139  0.019103  0.019404   -0.001103    1.000000
R Means Squared
32.247133535395
