
GC Util
11.583238095238094
2625
600.0
0.0
4.0
33.679092532452884
2.7470616639763183
0.006034213617923547
heapSize
103.99331809523808
2625
128.91
100.0
100.0
7.469065926050897
numThreads
99.93333333333334
2625
100.0
12.5
100.0
2.414769194815033
GCInterval
114.76005714285715
2625
142.05
0.0
115.65
20.735292773964836
Correlation
                Time   GC Util  heapSize  numThreads  GCInterval
Time        1.000000  0.098213  0.425719    0.060287    0.129161
GC Util     0.098213  1.000000  0.067267   -0.030683   -0.255820
heapSize    0.425719  0.067267  1.000000    0.014766   -0.044111
numThreads  0.060287 -0.030683  0.014766    1.000000    0.018528
GCInterval  0.129161 -0.255820 -0.044111    0.018528    1.000000
R Means Squared
44.060884283109026
