
GC Util
37.82383419689119
193
141.0
0.0
34.0
35.983069685233446
-11.163030442459815
2.2960211319330226e-25
heapSize
102.58984455958549
193
106.25
100.0
101.56
2.3371359958745304
numThreads
98.18652849740933
193
100.0
12.5
100.0
12.497975872385725
GCInterval
99.48186528497409
193
100
0
100.0
7.198157507486946
Correlation
                Time   GC Util  heapSize  numThreads  GCInterval
Time        1.000000  0.597629  0.992600   -0.081432    0.085996
GC Util     0.597629  1.000000  0.574049   -0.047329    0.076058
heapSize    0.992600  0.574049  1.000000   -0.082077    0.080180
numThreads -0.081432 -0.047329 -0.082077    1.000000   -0.010499
GCInterval  0.085996  0.076058  0.080180   -0.010499    1.000000
R Means Squared
35.955643370066966
