
GC Util
40.468221624902455
11533
165.0
0.0
29.0
36.38897416039913
-94.7362957427002
0.0
heapSize
253.14231336165784
11533
401.56
100.0
253.12
82.57017683002259
numThreads
84.52267406572444
11533
100.0
12.5
100.0
33.388846404641285
GCInterval
99.99132922916847
11533
100
0
100.0
0.9311697391736331
Correlation
                Time   GC Util  heapSize  numThreads  GCInterval
Time        1.000000 -0.001403  0.991904   -0.005835    0.022586
GC Util    -0.001403  1.000000 -0.005522    0.031570    0.010356
heapSize    0.991904 -0.005522  1.000000    0.002755    0.017272
numThreads -0.005835  0.031570  0.002755    1.000000   -0.004317
GCInterval  0.022586  0.010356  0.017272   -0.004317    1.000000
R Means Squared
36.39040886386291
