
GC Util
16.876734473932373
7423
126.0
0.0
16.0
16.191000774162685
-157.2475814422054
0.0
heapSize
278.84024787821636
7423
459.38
100.0
278.12
104.62497925788823
numThreads
91.79576990435135
7423
100.0
12.5
100.0
25.507810469160443
GCInterval
99.98652835780682
7423
100
0
100.0
1.1606740366348927
Correlation
                Time   GC Util  heapSize  numThreads  GCInterval
Time        1.000000 -0.135847  0.967670    0.030632    0.029845
GC Util    -0.135847  1.000000 -0.156972    0.261427    0.012100
heapSize    0.967670 -0.156972  1.000000    0.032846    0.019843
numThreads  0.030632  0.261427  0.032846    1.000000   -0.003734
GCInterval  0.029845  0.012100  0.019843   -0.003734    1.000000
R Means Squared
28.2276212059963
