
GC Util
137.76646471004798
12709
457.0
0.0
139.0
45.83044532686695
3.385643842652166
0.0007111888558859416
heapSize
100.0
12709
100
100
100.0
0.0
numThreads
99.38036037453773
12709
100.0
12.5
100.0
7.33748936844863
GCInterval
99.99213156031159
12709
100
0
100.0
0.887042258768419
Correlation
                Time   GC Util  heapSize  numThreads  GCInterval
Time        1.000000  0.369355       NaN    0.049748    0.025093
GC Util     0.369355  1.000000       NaN    0.125697    0.026667
heapSize         NaN       NaN       NaN         NaN         NaN
numThreads  0.049748  0.125697       NaN    1.000000   -0.000749
GCInterval  0.025093  0.026667       NaN   -0.000749    1.000000
R Means Squared
107.97474737045869
