
GC Util
60.298142326378965
17495
177.0
0.0
61.0
31.046641643427506
-126.74035303543367
0.0
heapSize
439.5274638468134
17495
772.66
100.0
439.84
186.44846389500216
numThreads
99.60988853958274
17495
100.0
12.5
100.0
5.829623346484371
GCInterval
99.99428408116604
17495
100
0
100.0
0.7560369590140786
Correlation
                Time   GC Util  heapSize  numThreads  GCInterval
Time        1.000000  0.289946  0.996674    0.028497    0.015512
GC Util     0.289946  1.000000  0.279510    0.044085    0.014684
heapSize    0.996674  0.279510  1.000000    0.032199    0.013768
numThreads  0.028497  0.044085  0.032199    1.000000   -0.000506
GCInterval  0.015512  0.014684  0.013768   -0.000506    1.000000
R Means Squared
37.09249848474887
