
GC Util
22.46103107099462
5761
135.0
0.0
16.0
16.83408363362646
-135.74663714008278
0.0
heapSize
307.3988821385176
5761
517.19
100.0
306.25
121.79128167176077
numThreads
99.66585662211422
5761
100.0
12.5
100.0
5.397309547061417
GCInterval
99.9826419024475
5761
100
0
100.0
1.3175013302652965
Correlation
                Time   GC Util  heapSize  numThreads  GCInterval
Time        1.000000 -0.394566  0.964278    0.078858    0.034597
GC Util    -0.394566  1.000000 -0.452439   -0.080229    0.017582
heapSize    0.964278 -0.452439  1.000000    0.087354    0.022440
numThreads  0.078858 -0.080229  0.087354    1.000000   -0.000816
GCInterval  0.034597  0.017582  0.022440   -0.000816    1.000000
R Means Squared
24.309516909919903
