
GC Util
12.721856866537717
2585
794.0
0.0
4.0
43.48048125792401
3.4363442926716012
0.0005943465107182145
heapSize
103.82145454545453
2585
143.75
100.0
100.0
7.622241904130874
numThreads
99.79690522243713
2585
100.0
12.5
100.0
4.211461364813175
GCInterval
104.39100580270794
2585
114.45
0.0
106.05
12.593667145090981
Correlation
                Time   GC Util  heapSize  numThreads  GCInterval
Time        1.000000  0.094942  0.426829    0.070869    0.164925
GC Util     0.094942  1.000000  0.091281   -0.042841   -0.160014
heapSize    0.426829  0.091281  1.000000    0.024187   -0.047463
numThreads  0.070869 -0.042841  0.024187    1.000000    0.008202
GCInterval  0.164925 -0.160014 -0.047463    0.008202    1.000000
R Means Squared
51.32171069240175
