
GC Util
20.755375982042647
22275
1560.0
0.0
11.0
61.758476075290545
19.280981630329872
1.7894574901520873e-82
heapSize
348.946857912458
22275
475.0
100.0
399.22
116.10949088612138
numThreads
99.89001122334456
22275
100.0
12.5
100.0
3.100379324746118
GCInterval
118.79474074074075
22275
162.85
0.0
120.45
28.849582494231818
Correlation
                Time   GC Util  heapSize  numThreads  GCInterval
Time        1.000000 -0.144212  0.785030    0.034367    0.269190
GC Util    -0.144212  1.000000 -0.062340   -0.010932   -0.414604
heapSize    0.785030 -0.062340  1.000000    0.038963    0.126103
numThreads  0.034367 -0.010932  0.038963    1.000000    0.030394
GCInterval  0.269190 -0.414604  0.126103    0.030394    1.000000
R Means Squared
64.6861166903715
