
GC Util
43.79274611398964
193
142.0
0.0
34.0
41.18604321175335
-9.064803948361776
5.692147573685956e-18
heapSize
101.29326424870466
193
103.12
100.0
100.78
1.16651467058239
numThreads
98.18652849740933
193
100.0
12.5
100.0
12.497975872385723
GCInterval
99.48186528497409
193
100
0
100.0
7.198157507486948
Correlation
                Time   GC Util  heapSize  numThreads  GCInterval
Time        1.000000  0.559245  0.724931   -0.019478    0.145135
GC Util     0.559245  1.000000  0.551174   -0.029065    0.076936
heapSize    0.724931  0.551174  1.000000   -0.033352    0.080218
numThreads -0.019478 -0.029065 -0.033352    1.000000   -0.010499
GCInterval  0.145135  0.076936  0.080218   -0.010499    1.000000
R Means Squared
41.25392115136081
