
GC Util
8.385668730069405
5331
1806.0
0.0
0.0
50.87533058116819
4.761271553966914
1.9515763267063166e-06
heapSize
123.3536784843369
5331
152.34
100.0
126.56
12.355462356775806
numThreads
99.70455824423185
5331
100.0
12.5
100.0
5.076288166068325
GCInterval
102.2571468767586
5331
107.25
0.0
103.25
9.386015431776821
Correlation
                Time   GC Util  heapSize  numThreads  GCInterval
Time        1.000000 -0.133525  0.578286    0.039872    0.188253
GC Util    -0.133525  1.000000 -0.107282   -0.026892   -0.114956
heapSize    0.578286 -0.107282  1.000000    0.019648    0.186927
numThreads  0.039872 -0.026892  0.019648    1.000000    0.007762
GCInterval  0.188253 -0.114956  0.186927    0.007762    1.000000
R Means Squared
59.89390357008072
