
GC Util
19.212139885995995
6491
127.0
0.0
7.0
27.05249386376698
-89.34646593765818
0.0
heapSize
221.73004775843475
6491
354.69
100.0
226.56
65.8716132684588
numThreads
99.35295023879218
6491
100.0
12.5
100.0
7.4971221083827295
GCInterval
99.98459405330458
6491
100
0
100.0
1.2412069406599544
Correlation
                Time   GC Util  heapSize  numThreads  GCInterval
Time        1.000000 -0.406562  0.985706    0.077339    0.021468
GC Util    -0.406562  1.000000 -0.414103   -0.038544    0.008816
heapSize    0.985706 -0.414103  1.000000    0.077276    0.022941
numThreads  0.077339 -0.038544  0.077276    1.000000   -0.001071
GCInterval  0.021468  0.008816  0.022941   -0.001071    1.000000
R Means Squared
34.11538957545512
