
GC Util
3.8940864960282435
1133
114.0
0.0
0.0
10.852011683512153
-1.7830494280483566
0.07470992961517507
heapSize
100.46289496910856
1133
103.91
100.0
100.0
1.0054144516189025
numThreads
99.84554280670785
1133
100.0
12.5
100.0
3.674651733597051
GCInterval
114.33764342453664
1133
142.05
0.0
114.45
23.57679771441366
Correlation
                Time   GC Util  heapSize  numThreads  GCInterval
Time        1.000000 -0.125935  0.697965    0.047021    0.171656
GC Util    -0.125935  1.000000  0.110754   -0.155480   -0.215901
heapSize    0.697965  0.110754  1.000000    0.019369   -0.077145
numThreads  0.047021 -0.155480  0.019369    1.000000    0.114714
GCInterval  0.171656 -0.215901 -0.077145    0.114714    1.000000
R Means Squared
37.70012209063414
