
GC Util
50.96096096096096
333
144.0
0.0
36.0
39.492201933186806
0.11531279710165203
0.9082286906469232
heapSize
105.93081081081081
333
114.06
100.0
106.25
4.51414306304283
numThreads
98.42342342342343
333
100.0
12.5
100.0
11.656452437409689
GCInterval
99.69969969969969
333
100
0
100.0
5.479966243511911
Correlation
                Time   GC Util  heapSize  numThreads  GCInterval
Time        1.000000  0.485222  0.991154    0.147795    0.069220
GC Util     0.485222  1.000000  0.490369    0.096050    0.070927
heapSize    0.991154  0.490369  1.000000    0.146981    0.072214
numThreads  0.147795  0.096050  0.146981    1.000000   -0.007434
GCInterval  0.069220  0.070927  0.072214   -0.007434    1.000000
R Means Squared
40.927901156705964
