
GC Util
34.36385836385836
819
114.0
0.0
31.0
16.482470877253917
-9.88819406979879
1.9702953800733982e-22
heapSize
116.42595848595849
819
131.25
100.0
117.19
9.929547514453782
numThreads
97.00854700854701
819
100.0
12.5
100.0
15.909506475594803
GCInterval
99.87789987789988
819
100
0
100.0
3.494282789073061
Correlation
                Time   GC Util  heapSize  numThreads  GCInterval
Time        1.000000  0.289059  0.810423   -0.002248    0.106179
GC Util     0.289059  1.000000  0.252179   -0.185935    0.072940
heapSize    0.810423  0.252179  1.000000   -0.067302    0.057875
numThreads -0.002248 -0.185935 -0.067302    1.000000   -0.006578
GCInterval  0.106179  0.072940  0.057875   -0.006578    1.000000
R Means Squared
17.409946212042904
