
GC Util
60.35324844923278
3063
1549.0
0.0
32.0
109.48106288470667
9.461123000384662
4.306944176133761e-21
heapSize
189.3329546196539
3063
527.34
100.0
135.16
118.37651224073586
numThreads
98.62879529872674
3063
100.0
12.5
100.0
10.869166419705762
GCInterval
89.31069213189684
3063
126.45
0.0
100.85
27.437427668751113
Correlation
                Time   GC Util  heapSize  numThreads  GCInterval
Time        1.000000  0.279446  0.830197   -0.011643   -0.428960
GC Util     0.279446  1.000000  0.318821    0.018466   -0.375516
heapSize    0.830197  0.318821  1.000000    0.001641   -0.562103
numThreads -0.011643  0.018466  0.001641    1.000000   -0.023753
GCInterval -0.428960 -0.375516 -0.562103   -0.023753    1.000000
R Means Squared
111.33932217368661
