
GC Util
8.475187969924812
665
70.0
0.0
3.0
13.83758199992594
0.9157457350467604
0.35997155262565594
heapSize
100.24896240601504
665
104.69
100.0
100.0
0.8769551169809214
numThreads
100.0
665
100.0
100.0
100.0
0.0
GCInterval
100.79390977443609
665
113.65
0.0
104.85
21.804299096467943
Correlation
                Time   GC Util  heapSize  numThreads  GCInterval
Time        1.000000 -0.215925  0.215503         NaN    0.393848
GC Util    -0.215925  1.000000  0.026336         NaN   -0.209594
heapSize    0.215503  0.026336  1.000000         NaN    0.067498
numThreads       NaN       NaN       NaN         NaN         NaN
GCInterval  0.393848 -0.209594  0.067498         NaN    1.000000
R Means Squared
34.42389448156898
