
GC Util
19.64481525625745
9229
127.0
0.0
7.0
29.239355897335905
-94.55995581876164
0.0
heapSize
172.73589337956443
9229
249.22
100.0
171.88
41.60650188734959
numThreads
99.50698883952758
9229
100.0
12.5
100.0
6.5498141145351845
GCInterval
99.98916458987972
9229
100
0
100.0
1.0409327605697234
Correlation
                Time   GC Util  heapSize  numThreads  GCInterval
Time        1.000000 -0.067122  0.696658    0.005623    0.055234
GC Util    -0.067122  1.000000 -0.155044    0.011661    0.006994
heapSize    0.696658 -0.155044  1.000000    0.019716    0.018199
numThreads  0.005623  0.011661  0.019716    1.000000   -0.000784
GCInterval  0.055234  0.006994  0.018199   -0.000784    1.000000
R Means Squared
35.62556445861465
