
GC Util
40.95356037151703
323
137.0
0.0
32.0
36.51249694195894
-2.871558368349632
0.004203702717108845
heapSize
105.68879256965943
323
114.06
100.0
106.25
4.363680077307166
numThreads
99.45820433436532
323
100.0
12.5
100.0
6.874583162634746
GCInterval
99.69040247678019
323
100
0
100.0
5.564148840746571
Correlation
                Time   GC Util  heapSize  numThreads  GCInterval
Time        1.000000  0.524636  0.989971    0.090346    0.069094
GC Util     0.524636  1.000000  0.521981    0.008560    0.062603
heapSize    0.989971  0.521981  1.000000    0.103063    0.072763
numThreads  0.090346  0.008560  0.103063    1.000000   -0.004399
GCInterval  0.069094  0.062603  0.072763   -0.004399    1.000000
R Means Squared
36.46840101301153
