
GC Util
65.43486691344967
5673
149.0
0.0
67.0
27.789837487504258
-152.52310285331308
0.0
heapSize
236.19831129913626
5673
384.38
100.0
235.94
80.09116816734618
numThreads
97.25453904459721
5673
100.0
12.5
100.0
15.255533491789521
GCInterval
99.98237264234092
5673
100
0
100.0
1.3276805963441254
Correlation
                Time   GC Util  heapSize  numThreads  GCInterval
Time        1.000000  0.094827  0.978352    0.005417    0.034993
GC Util     0.094827  1.000000  0.094809    0.061474    0.031268
heapSize    0.978352  0.094809  1.000000    0.006862    0.022582
numThreads  0.005417  0.061474  0.006862    1.000000   -0.002390
GCInterval  0.034993  0.031268  0.022582   -0.002390    1.000000
R Means Squared
37.67056398301623
