
GC Util
141.1880002177819
18367
364.0
0.0
111.0
73.53262120377673
-3.297985628769013
0.000974805626153948
heapSize
100.0
18367
100
100
100.0
0.0
numThreads
98.70419774595743
18367
100.0
12.5
100.0
10.569279816206365
GCInterval
99.99455545271411
18367
100
0
100.0
0.737871756194339
Correlation
                Time   GC Util  heapSize  numThreads  GCInterval
Time        1.000000  0.194413       NaN    0.034897    0.012368
GC Util     0.194413  1.000000       NaN    0.096262    0.014168
heapSize         NaN       NaN       NaN         NaN         NaN
numThreads  0.034897  0.096262       NaN    1.000000   -0.000905
GCInterval  0.012368  0.014168       NaN   -0.000905    1.000000
R Means Squared
125.08302594666854
