
GC Util
57.53483700118711
10951
163.0
0.0
57.0
29.804928126241393
-79.8605001431552
0.0
heapSize
245.88505524609627
10951
395.31
100.0
246.88
78.60477114136549
numThreads
98.08236690713177
10951
100.0
12.5
100.0
12.811345232691671
GCInterval
99.99086841384349
10951
100
0
100.0
0.9555933317324573
Correlation
                Time   GC Util  heapSize  numThreads  GCInterval
Time        1.000000  0.035562  0.979725   -0.003038    0.027324
GC Util     0.035562  1.000000  0.016163    0.027297    0.018448
heapSize    0.979725  0.016163  1.000000   -0.007663    0.017737
numThreads -0.003038  0.027297 -0.007663    1.000000   -0.001430
GCInterval  0.027324  0.018448  0.017737   -0.001430    1.000000
R Means Squared
34.579229752956245
