
GC Util
27.257042728130475
7419
152.0
0.0
18.0
23.56814897697291
-148.51916215778715
0.0
heapSize
278.7429087478097
7419
459.38
100.0
278.12
104.56913246686699
numThreads
99.52823830704946
7419
100.0
12.5
100.0
6.407973452121945
GCInterval
99.98652109448713
7419
100
0
100.0
1.1609868867852196
Correlation
                Time   GC Util  heapSize  numThreads  GCInterval
Time        1.000000 -0.120827  0.267069    0.037369    0.053387
GC Util    -0.120827  1.000000 -0.419451   -0.077926    0.013429
heapSize    0.267069 -0.419451  1.000000    0.090543    0.019848
numThreads  0.037369 -0.077926  0.090543    1.000000   -0.000855
GCInterval  0.053387  0.013429  0.019848   -0.000855    1.000000
R Means Squared
26.791150341524837
