
GC Util
53.3555343013651
11501
153.0
0.0
51.0
29.160982300270188
-85.41131715931058
0.0
heapSize
252.4321015563864
11501
400.0
100.0
253.12
82.2404983687453
numThreads
98.96530736457699
11501
100.0
12.5
100.0
9.45900609558892
GCInterval
99.99130510390401
11501
100
0
100.0
0.9324642671969608
Correlation
                Time   GC Util  heapSize  numThreads  GCInterval
Time        1.000000  0.040683  0.994907    0.013795    0.022422
GC Util     0.040683  1.000000  0.032512    0.050379    0.017063
heapSize    0.994907  0.032512  1.000000    0.010418    0.017285
numThreads  0.013795  0.050379  0.010418    1.000000   -0.001020
GCInterval  0.022422  0.017063  0.017285   -0.001020    1.000000
R Means Squared
32.072718110911616
