
GC Util
32.67966573816156
1795
129.0
0.0
16.0
27.856604546024272
-44.34572294627974
0.0
heapSize
139.42895821727018
1795
187.5
100.0
139.06
24.248046522840525
numThreads
97.75766016713092
1795
100.0
12.5
100.0
13.830517413077313
GCInterval
99.94428969359332
1795
100
0
100.0
2.360303082374916
Correlation
                Time   GC Util  heapSize  numThreads  GCInterval
Time        1.000000  0.081610  0.978378   -0.044324    0.029375
GC Util     0.081610  1.000000  0.122708   -0.134031    0.027705
heapSize    0.978378  0.122708  1.000000   -0.054362    0.038402
numThreads -0.044324 -0.134031 -0.054362    1.000000   -0.003829
GCInterval  0.029375  0.027705  0.038402   -0.003829    1.000000
R Means Squared
28.794885030152862
