
GC Util
34.819452207937395
1789
131.0
0.0
17.0
29.704008526098765
-42.4226402063649
0.0
heapSize
139.3183901621017
1789
187.5
100.0
137.5
24.21704355460304
numThreads
99.21743991056456
1789
100.0
12.5
100.0
8.240119019239046
GCInterval
99.94410285075462
1789
100
0
100.0
2.364257795702247
Correlation
                Time   GC Util  heapSize  numThreads  GCInterval
Time        1.000000  0.189302  0.977714   -0.018150    0.029539
GC Util     0.189302  1.000000  0.218349   -0.042564    0.027730
heapSize    0.977714  0.218349  1.000000   -0.017394    0.038407
numThreads -0.018150 -0.042564 -0.017394    1.000000   -0.002247
GCInterval  0.029539  0.027730  0.038407   -0.002247    1.000000
R Means Squared
30.144203450695368
