
GC Util
61.07121908029439
18071
194.0
0.0
54.0
36.62962997326163
-45.70389400935019
0.0
heapSize
452.64988987881134
18071
789.06
100.0
453.91
193.88700211526898
numThreads
99.36085440761441
18071
100.0
12.5
100.0
7.451161289388656
GCInterval
99.9944662719274
18071
100
0
100.0
0.7438903193752767
Correlation
                Time   GC Util  heapSize  numThreads  GCInterval
Time        1.000000  0.732158  0.978634    0.035495    0.009669
GC Util     0.732158  1.000000  0.693442    0.045124    0.012403
heapSize    0.978634  0.693442  1.000000    0.032596    0.013531
numThreads  0.035495  0.045124  0.032596    1.000000   -0.000638
GCInterval  0.009669  0.012403  0.013531   -0.000638    1.000000
R Means Squared
42.25697359998314
