
GC Util
34.1583031557165
1933
145.0
0.0
17.0
29.946117581346563
-44.2879749138256
0.0
heapSize
142.6393274702535
1933
190.62
100.0
142.19
26.14744401727436
numThreads
98.7325400931195
1933
100.0
12.5
100.0
10.45719172692834
GCInterval
99.94826694257631
1933
100
0
100.0
2.274490215931775
Correlation
                Time   GC Util  heapSize  numThreads  GCInterval
Time        1.000000  0.199201  0.974107   -0.005227    0.035449
GC Util     0.199201  1.000000  0.230040   -0.072540    0.025958
heapSize    0.974107  0.230040  1.000000    0.003127    0.037110
numThreads -0.005227 -0.072540  0.003127    1.000000   -0.002758
GCInterval  0.035449  0.025958  0.037110   -0.002758    1.000000
R Means Squared
30.502974505757855
