
GC Util
8.571428571428571
665
82.0
0.0
2.0
14.650077981147422
1.0056429753175573
0.31477608254168055
heapSize
100.16421052631578
665
101.56
100.0
100.0
0.4791122100602212
numThreads
99.73684210526316
665
100.0
12.5
100.0
4.794959603901137
GCInterval
102.48473684210528
665
120.45
0.0
107.25
24.005004579208318
Correlation
                Time   GC Util  heapSize  numThreads  GCInterval
Time        1.000000 -0.190838  0.086339    0.066660    0.348005
GC Util    -0.190838  1.000000 -0.009372   -0.189200   -0.198655
heapSize    0.086339 -0.009372  1.000000    0.018839    0.098291
numThreads  0.066660 -0.189200  0.018839    1.000000    0.121435
GCInterval  0.348005 -0.198655  0.098291    0.121435    1.000000
R Means Squared
34.67069573656033
