
GC Util
39.3396449704142
845
128.0
0.0
27.0
26.423131873002298
-16.324319969638896
2.3052646396332832e-56
heapSize
116.7860355029586
845
131.25
100.0
118.75
9.963188431376633
numThreads
98.55029585798816
845
100.0
12.5
100.0
11.17565547904453
GCInterval
99.88165680473372
845
100
0
100.0
3.4401045807689066
Correlation
                Time   GC Util  heapSize  numThreads  GCInterval
Time        1.000000  0.214016  0.975400    0.021586    0.086295
GC Util     0.214016  1.000000  0.155216   -0.006054    0.051278
heapSize    0.975400  0.155216  1.000000    0.023859    0.058028
numThreads  0.021586 -0.006054  0.023859    1.000000   -0.004468
GCInterval  0.086295  0.051278  0.058028   -0.004468    1.000000
R Means Squared
26.41574749985946
