
GC Util
36.69217970049917
601
115.0
0.0
33.0
17.17517846800009
-7.611417247831436
4.9260273660204095e-14
heapSize
130.20991680532447
601
162.5
100.0
131.25
20.05877008924194
numThreads
99.12645590682196
601
100.0
12.5
100.0
8.706213236446095
GCInterval
99.83361064891847
601
100
0
100.0
4.07908508224002
Correlation
                Time   GC Util  heapSize  numThreads  GCInterval
Time        1.000000  0.380136  0.777712    0.107347    0.115372
GC Util     0.380136  1.000000  0.400831   -0.034961    0.087289
heapSize    0.777712  0.400831  1.000000    0.046981    0.061536
numThreads  0.107347 -0.034961  0.046981    1.000000   -0.004100
GCInterval  0.115372  0.087289  0.061536   -0.004100    1.000000
R Means Squared
17.476773271784023
