
GC Util
19.796497724292216
12963
135.0
0.0
16.0
14.725972930084898
-320.7118239974884
0.0
heapSize
571.1365949240145
12963
1046.88
100.0
571.09
274.07885308921686
numThreads
99.83800046285582
12963
100.0
12.5
100.0
3.761622948079427
GCInterval
99.99228573632647
12963
100
0
100.0
0.8783088109277037
Correlation
                Time   GC Util  heapSize  numThreads  GCInterval
Time        1.000000 -0.214314  0.989422    0.044902    0.019033
GC Util    -0.214314  1.000000 -0.225004   -0.057140    0.011808
heapSize    0.989422 -0.225004  1.000000    0.047088    0.015099
numThreads  0.044902 -0.057140  0.047088    1.000000   -0.000378
GCInterval  0.019033  0.011808  0.015099   -0.000378    1.000000
R Means Squared
25.000381081721006
