
GC Util
3.7115215479331574
1137
98.0
0.0
0.0
9.829773822661686
-2.162917391538752
0.030649957278206245
heapSize
100.30613896218117
1137
105.47
100.0
100.0
0.8376683928060774
numThreads
99.53825857519789
1137
100.0
12.5
100.0
6.3422825005578884
GCInterval
103.53944591029024
1137
114.45
0.0
105.25
17.794399645945234
Correlation
                Time   GC Util  heapSize  numThreads  GCInterval
Time        1.000000 -0.168325  0.621854   -0.093701    0.187593
GC Util    -0.168325  1.000000  0.080387   -0.355490   -0.269980
heapSize    0.621854  0.080387  1.000000   -0.109072    0.010116
numThreads -0.093701 -0.355490 -0.109072    1.000000   -0.010281
GCInterval  0.187593 -0.269980  0.010116   -0.010281    1.000000
R Means Squared
37.595121223925965
