
GC Util
20.46808510638298
705
112.0
0.0
22.0
22.59020843030371
-49.85752150297387
0.0
heapSize
114.89339007092198
705
131.25
100.0
114.06
9.81635659575171
numThreads
89.822695035461
705
100.0
12.5
100.0
28.072307632160356
GCInterval
99.8581560283688
705
100
0
100.0
3.766217885773547
Correlation
                Time   GC Util  heapSize  numThreads  GCInterval
Time        1.000000 -0.036770  0.971326   -0.182332    0.089764
GC Util    -0.036770  1.000000 -0.081118   -0.050883    0.034173
heapSize    0.971326 -0.081118  1.000000   -0.180702    0.057222
numThreads -0.182332 -0.050883 -0.180702    1.000000   -0.013673
GCInterval  0.089764  0.034173  0.057222   -0.013673    1.000000
R Means Squared
29.851119940500183
