
GC Util
25.618652016615304
7463
165.0
0.0
7.0
34.816759450408625
-92.81294016350242
0.0
heapSize
189.95437491625353
7463
289.06
100.0
189.84
52.674215489556445
numThreads
99.27308053061772
7463
100.0
12.5
100.0
7.942637770744064
GCInterval
99.98660056277636
7463
100
0
100.0
1.157559381787241
Correlation
                Time   GC Util  heapSize  numThreads  GCInterval
Time        1.000000 -0.275433  0.928483    0.133946    0.042914
GC Util    -0.275433  1.000000 -0.305758   -0.067915    0.008519
heapSize    0.928483 -0.305758  1.000000    0.134815    0.019771
numThreads  0.133946 -0.067915  0.134815    1.000000   -0.001060
GCInterval  0.042914  0.008519  0.019771   -0.001060    1.000000
R Means Squared
37.66785737954653
