
GC Util
31.47081804190837
8447
1774.0
0.0
9.0
92.72880550652138
14.390050114534887
1.1557237486163025e-46
heapSize
256.85675150941165
8447
465.62
100.0
203.91
134.5998027028509
numThreads
99.52349946726649
8447
100.0
12.5
100.0
6.439848871482794
GCInterval
100.20777199005565
8447
122.05
0.0
106.45
21.842328623793435
Correlation
                Time   GC Util  heapSize  numThreads  GCInterval
Time        1.000000 -0.012915  0.874991    0.025807    0.025105
GC Util    -0.012915  1.000000  0.060040   -0.011560   -0.369411
heapSize    0.874991  0.060040  1.000000    0.032267   -0.157239
numThreads  0.025807 -0.011560  0.032267    1.000000    0.031350
GCInterval  0.025105 -0.369411 -0.157239    0.031350    1.000000
R Means Squared
93.11476985219099
