
GC Util
23.42341371413175
7423
127.0
0.0
17.0
17.351286010131947
-152.8544005267769
0.0
heapSize
278.84024787821636
7423
459.38
100.0
278.12
104.62497925788823
numThreads
99.8349723831335
7423
100.0
12.5
100.0
3.7966596170965823
GCInterval
99.98652835780682
7423
100
0
100.0
1.1606740366348927
Correlation
                Time   GC Util  heapSize  numThreads  GCInterval
Time        1.000000 -0.334398  0.968486    0.044688    0.030998
GC Util    -0.334398  1.000000 -0.372093   -0.058712    0.015671
heapSize    0.968486 -0.372093  1.000000    0.050567    0.019843
numThreads  0.044688 -0.058712  0.050567    1.000000   -0.000505
GCInterval  0.030998  0.015671  0.019843   -0.000505    1.000000
R Means Squared
23.99603676468746
