
GC Util
23.890856313497824
3445
120.0
0.0
10.0
27.977773252345546
-67.26914518128532
0.0
heapSize
222.85742235123368
3445
390.62
100.0
221.88
73.30625615879003
numThreads
98.933236574746
3445
100.0
12.5
100.0
9.603675744652042
GCInterval
99.9709724238026
3445
100
0
100.0
1.7037481092399644
Correlation
                Time   GC Util  heapSize  numThreads  GCInterval
Time        1.000000 -0.485026  0.989379    0.148834    0.027519
GC Util    -0.485026  1.000000 -0.479546   -0.097449    0.014553
heapSize    0.989379 -0.479546  1.000000    0.146632    0.028562
numThreads  0.148834 -0.097449  0.146632    1.000000   -0.001893
GCInterval  0.027519  0.014553  0.028562   -0.001893    1.000000
R Means Squared
32.28053734739967
