
GC Util
50.64437689969605
329
147.0
0.0
37.0
38.90033356561419
-15.720270608267485
3.7423602500737646e-48
heapSize
108.76267477203646
329
121.09
100.0
109.38
6.694166746768296
numThreads
96.80851063829788
329
100.0
12.5
100.0
16.42833069120016
GCInterval
99.69604863221885
329
100
0
100.0
5.513178464199712
Correlation
                Time   GC Util  heapSize  numThreads  GCInterval
Time        1.000000  0.488615  0.991595    0.211975    0.068818
GC Util     0.488615  1.000000  0.495106    0.122614    0.071995
heapSize    0.991595  0.495106  1.000000    0.221014    0.072388
numThreads  0.211975  0.122614  0.221014    1.000000   -0.010743
GCInterval  0.068818  0.071995  0.072388   -0.010743    1.000000
R Means Squared
40.27330641661352
