
GC Util
8.797636632200886
677
127.0
0.0
3.0
18.79228077939017
1.116472223592639
0.264426208584741
heapSize
100.10599704579025
677
101.56
100.0
100.0
0.39287148777739006
numThreads
99.48301329394387
677
100.0
12.5
100.0
6.710855668693525
GCInterval
98.91898079763662
677
106.85
0.0
102.45
19.44985601005213
Correlation
                Time   GC Util  heapSize  numThreads  GCInterval
Time        1.000000 -0.030735  0.165642   -0.063035    0.340893
GC Util    -0.030735  1.000000 -0.031473   -0.078835   -0.061945
heapSize    0.165642 -0.031473  1.000000    0.020815    0.061013
numThreads -0.063035 -0.078835  0.020815    1.000000   -0.015196
GCInterval  0.340893 -0.061945  0.061013   -0.015196    1.000000
R Means Squared
36.41724395546249
