
GC Util
16.70344827586207
3915
112.0
0.0
7.0
24.703146623533623
-74.70886304491104
0.0
heapSize
198.19924393358878
3915
332.03
100.0
198.44
53.52401572200285
numThreads
99.41890166028097
3915
100.0
12.5
100.0
7.107836098299612
GCInterval
99.97445721583652
3915
100
0
100.0
1.59821100495128
Correlation
                Time   GC Util  heapSize  numThreads  GCInterval
Time        1.000000 -0.223821  0.981040   -0.044355    0.034034
GC Util    -0.223821  1.000000 -0.245533    0.021936    0.010809
heapSize    0.981040 -0.245533  1.000000   -0.035345    0.029329
numThreads -0.044355  0.021936 -0.035345    1.000000   -0.001307
GCInterval  0.034034  0.010809  0.029329   -0.001307    1.000000
R Means Squared
33.95318691463706
