
GC Util
23.941753343239228
3365
143.0
0.0
10.0
27.82184160493182
-66.51988514969489
0.0
heapSize
219.7047072808321
3365
346.09
100.0
219.53
71.18261926220991
numThreads
99.63595839524517
3365
100.0
12.5
100.0
5.632987103494712
GCInterval
99.9702823179792
3365
100
0
100.0
1.7238817250844787
Correlation
                Time   GC Util  heapSize  numThreads  GCInterval
Time        1.000000 -0.478659  0.987139    0.088481    0.028647
GC Util    -0.478659  1.000000 -0.477181   -0.048266    0.014839
heapSize    0.987139 -0.477181  1.000000    0.096244    0.028998
numThreads  0.088481 -0.048266  0.096244    1.000000   -0.001114
GCInterval  0.028647  0.014839  0.028998   -0.001114    1.000000
R Means Squared
32.119964583016966
