
GC Util
14.183643342190729
3387
115.0
0.0
5.0
24.641683657802005
-85.92183620089685
0.0
heapSize
180.42973132565692
3387
270.31
100.0
179.69
47.9167197920897
numThreads
88.37466784765279
3387
100.0
12.5
100.0
29.704018586239908
GCInterval
99.97047534691467
3387
100
0
100.0
1.7182739329142567
Correlation
                Time   GC Util  heapSize  numThreads  GCInterval
Time        1.000000 -0.137807  0.985191   -0.003607    0.032986
GC Util    -0.137807  1.000000 -0.136221    0.140960    0.009893
heapSize    0.985191 -0.136221  1.000000   -0.001767    0.028850
numThreads -0.003607  0.140960 -0.001767    1.000000   -0.006727
GCInterval  0.032986  0.009893  0.028850   -0.006727    1.000000
R Means Squared
35.686377893652725
