
GC Util
37.98297872340426
705
124.0
0.0
33.0
19.36982319934011
-36.40854252648419
1.5601778403738334e-209
heapSize
114.89339007092198
705
131.25
100.0
114.06
9.81635659575171
numThreads
99.7517730496454
705
100.0
12.5
100.0
4.657145701476818
GCInterval
99.8581560283688
705
100
0
100.0
3.7662178857735467
Correlation
                Time   GC Util  heapSize  numThreads  GCInterval
Time        1.000000  0.350755  0.766098    0.110164    0.102009
GC Util     0.350755  1.000000  0.151469    0.008220    0.073958
heapSize    0.766098  0.151469  1.000000    0.080982    0.057222
numThreads  0.110164  0.008220  0.080982    1.000000   -0.002010
GCInterval  0.102009  0.073958  0.057222   -0.002010    1.000000
R Means Squared
19.460890039634666
