
GC Util
45.43234323432343
303
141.0
0.0
34.0
35.62629632990827
-17.491170537836535
4.049978837847045e-57
heapSize
113.07188118811884
303
131.25
100.0
111.72
10.222700396815686
numThreads
99.42244224422443
303
100.0
12.5
100.0
7.097109614245796
GCInterval
99.66996699669967
303
100
0
100.0
5.744849896214259
Correlation
                Time   GC Util  heapSize  numThreads  GCInterval
Time        1.000000  0.434903  0.988817    0.079370    0.069570
GC Util     0.434903  1.000000  0.415129    0.072037    0.073504
heapSize    0.988817  0.415129  1.000000    0.073176    0.073703
numThreads  0.079370  0.072037  0.073176    1.000000   -0.004691
GCInterval  0.069570  0.073504  0.073703   -0.004691    1.000000
R Means Squared
35.97991739075487
