
GC Util
9.402942252799532
68315
615.0
0.0
5.0
17.003178453843883
-45.21575184508565
0.0
heapSize
338.97303725389736
68315
491.41
100.0
353.91
87.67409978989653
numThreads
99.7489570372539
68315
100.0
12.5
100.0
4.680123641211214
GCInterval
108.62755836931858
68315
121.25
0.0
110.05
10.248911349652294
Correlation
                Time   GC Util  heapSize  numThreads  GCInterval
Time        1.000000 -0.154488  0.942601    0.032002    0.152659
GC Util    -0.154488  1.000000 -0.179131   -0.047306   -0.052013
heapSize    0.942601 -0.179131  1.000000    0.039409    0.176707
numThreads  0.032002 -0.047306  0.039409    1.000000    0.027622
GCInterval  0.152659 -0.052013  0.176707    0.027622    1.000000
R Means Squared
35.00405388427825
