
GC Util
35.917098445595855
193
169.0
0.0
35.0
35.85551689122795
-4.247218965451423
2.6959872293573494e-05
heapSize
102.58984455958549
193
106.25
100.0
101.56
2.3371359958745304
numThreads
98.18652849740933
193
100.0
12.5
100.0
12.497975872385723
GCInterval
99.48186528497409
193
100
0
100.0
7.198157507486948
Correlation
                Time   GC Util  heapSize  numThreads  GCInterval
Time        1.000000  0.622074  0.993904    0.140329    0.085893
GC Util     0.622074  1.000000  0.605547   -0.000337    0.072481
heapSize    0.993904  0.605547  1.000000    0.161628    0.080180
numThreads  0.140329 -0.000337  0.161628    1.000000   -0.010499
GCInterval  0.085893  0.072481  0.080180   -0.010499    1.000000
R Means Squared
35.99481827992998
