
GC Util
21.693328676213763
2863
411.0
0.0
11.0
27.31949042634282
-2.940293841036934
0.0032923108434515292
heapSize
125.87895214809639
2863
173.44
100.0
127.34
21.0767715632768
numThreads
99.02200488997555
2863
100.0
12.5
100.0
9.200416499473143
GCInterval
102.76418092909535
2863
126.85
0.0
105.65
17.27786762689344
Correlation
                Time   GC Util  heapSize  numThreads  GCInterval
Time        1.000000  0.071068  0.882815    0.026388    0.007355
GC Util     0.071068  1.000000  0.094508   -0.056173   -0.062957
heapSize    0.882815  0.094508  1.000000    0.001965   -0.050856
numThreads  0.026388 -0.056173  0.001965    1.000000    0.070325
GCInterval  0.007355 -0.062957 -0.050856    0.070325    1.000000
R Means Squared
32.88203282084331
