
GC Util
19.867409797594604
3409
114.0
0.0
8.0
27.834879858649572
-82.95022783430505
0.0
heapSize
180.98137283660898
3409
275.0
100.0
181.25
48.255785852515906
numThreads
99.89733059548254
3409
100.0
12.5
100.0
2.9959413913735786
GCInterval
99.97066588442358
3409
100
0
100.0
1.7127205135811086
Correlation
                Time   GC Util  heapSize  numThreads  GCInterval
Time        1.000000 -0.223810  0.992395    0.043156    0.033940
GC Util    -0.223810  1.000000 -0.231212   -0.015557    0.012228
heapSize    0.992395 -0.231212  1.000000    0.050310    0.028751
numThreads  0.043156 -0.015557  0.050310    1.000000   -0.000587
GCInterval  0.033940  0.012228  0.028751   -0.000587    1.000000
R Means Squared
34.34930057490739
