
GC Util
59.72811206622095
9423
198.0
0.0
52.0
38.60249422377399
-217.77347783687523
0.0
heapSize
441.5010251512257
9423
786.72
100.0
442.19
199.22914918942828
numThreads
99.29427995330575
9423
100.0
12.5
100.0
7.826810608787272
GCInterval
99.98938766847077
9423
100
0
100.0
1.0301617120256885
Correlation
                Time   GC Util  heapSize  numThreads  GCInterval
Time        1.000000  0.726135  0.977091    0.070126    0.012775
GC Util     0.726135  1.000000  0.691175    0.044303    0.015941
heapSize    0.977091  0.691175  1.000000    0.075595    0.017660
numThreads  0.070126  0.044303  0.075595    1.000000   -0.000929
GCInterval  0.012775  0.015941  0.017660   -0.000929    1.000000
R Means Squared
43.349657738716765
