
GC Util
40.81048867699642
839
136.0
0.0
28.0
26.431359920198524
-15.7477017862101
8.84590000174349e-53
heapSize
116.71985697258641
839
131.25
100.0
118.75
9.966504833454431
numThreads
98.74851013110846
839
100.0
12.5
100.0
10.395573206340364
GCInterval
99.880810488677
839
100
0
100.0
3.452383398798626
Correlation
                Time   GC Util  heapSize  numThreads  GCInterval
Time        1.000000  0.341305  0.972983   -0.103652    0.087081
GC Util     0.341305  1.000000  0.292157   -0.046466    0.053369
heapSize    0.972983  0.292157  1.000000   -0.100136    0.057986
numThreads -0.103652 -0.046466 -0.100136    1.000000   -0.004161
GCInterval  0.087081  0.053369  0.057986   -0.004161    1.000000
R Means Squared
26.428034380027114
