
GC Util
66.5972198961648
5971
163.0
0.0
69.0
27.780614313459882
-155.44461643178903
0.0
heapSize
243.42497069167644
5971
393.75
100.0
243.75
84.20969152485877
numThreads
99.09144196951934
5971
100.0
12.5
100.0
8.870542716648163
GCInterval
99.98325238653491
5971
100
0
100.0
1.2941257073824481
Correlation
                Time   GC Util  heapSize  numThreads  GCInterval
Time        1.000000  0.125480  0.993866    0.025224    0.028965
GC Util     0.125480  1.000000  0.124956    0.066912    0.031029
heapSize    0.993866  0.124956  1.000000    0.026706    0.022045
numThreads  0.025224  0.066912  0.026706    1.000000   -0.001326
GCInterval  0.028965  0.031029  0.022045   -0.001326    1.000000
R Means Squared
38.45835911778466
