
GC Util
36.58853503184714
785
121.0
0.0
33.0
17.562355991685223
-8.657518844476423
1.1561297676430908e-17
heapSize
115.92723566878982
785
131.25
100.0
115.62
9.88226661736493
numThreads
98.43949044585987
785
100.0
12.5
100.0
11.587944331142433
GCInterval
99.87261146496816
785
100
0
100.0
3.5691530512412486
Correlation
                Time   GC Util  heapSize  numThreads  GCInterval
Time        1.000000  0.284388  0.780876   -0.050988    0.104221
GC Util     0.284388  1.000000  0.220391   -0.126002    0.074453
heapSize    0.780876  0.220391  1.000000   -0.059801    0.057597
numThreads -0.050988 -0.126002 -0.059801    1.000000   -0.004813
GCInterval  0.104221  0.074453  0.057597   -0.004813    1.000000
R Means Squared
17.87964005964383
