
GC Util
14.72379113363907
12429
194.0
0.0
7.0
20.072612743318686
-13.85556968311553
1.7267595746499378e-43
heapSize
196.94475339930807
12429
278.91
100.0
204.69
46.58254626735226
numThreads
99.85920025746239
12429
100.0
12.5
100.0
3.507298478533251
GCInterval
111.09525706010137
12429
140.85
0.0
112.85
20.354770702929077
Correlation
                Time   GC Util  heapSize  numThreads  GCInterval
Time        1.000000 -0.155903  0.941076    0.030053    0.149612
GC Util    -0.155903  1.000000 -0.145188   -0.038555   -0.024303
heapSize    0.941076 -0.145188  1.000000    0.032650    0.136899
numThreads  0.030053 -0.038555  0.032650    1.000000    0.015987
GCInterval  0.149612 -0.024303  0.136899    0.015987    1.000000
R Means Squared
32.27637061518074
