
GC Util
50.91076923076923
325
135.0
0.0
35.0
39.56259348701502
0.09966289824470473
0.9206394318624351
heapSize
108.63975384615384
325
121.09
100.0
109.38
6.64217621548035
numThreads
98.38461538461539
325
100.0
12.5
100.0
11.796816775719035
GCInterval
99.6923076923077
325
100
0
100.0
5.547001962252289
Correlation
                Time   GC Util  heapSize  numThreads  GCInterval
Time        1.000000  0.631074  0.990674    0.069287    0.069268
GC Util     0.631074  1.000000  0.621848    0.086487    0.071601
heapSize    0.990674  0.621848  1.000000    0.065618    0.072375
numThreads  0.069287  0.086487  0.065618    1.000000   -0.007619
GCInterval  0.069268  0.071601  0.072375   -0.007619    1.000000
R Means Squared
40.9808210301806
