
GC Util
75.20023316817255
3431
1436.0
0.0
28.0
139.86198678298686
13.028799168595942
2.651314460561254e-38
heapSize
190.31523171087144
3431
444.53
100.0
147.66
99.36744046343286
numThreads
99.13290585835034
3431
100.0
12.5
100.0
8.668378492744022
GCInterval
94.90884581754591
3431
106.85
0.0
99.65
11.970668282679409
Correlation
                Time   GC Util  heapSize  numThreads  GCInterval
Time        1.000000  0.178714  0.438925   -0.019049    0.049889
GC Util     0.178714  1.000000  0.310359    0.016934   -0.270607
heapSize    0.438925  0.310359  1.000000    0.066695   -0.367120
numThreads -0.019049  0.016934  0.066695    1.000000   -0.032156
GCInterval  0.049889 -0.270607 -0.367120   -0.032156    1.000000
R Means Squared
144.20378080792645
