
GC Util
15.897470151122986
11977
1153.0
0.0
7.0
28.1084211781402
-10.183927114176672
2.624902263600751e-24
heapSize
187.25470819069886
11977
272.66
100.0
196.09
44.536440135582545
numThreads
99.53243717124488
11977
100.0
12.5
100.0
6.379383230955462
GCInterval
103.42372463889123
11977
113.65
0.0
104.45
9.379627898679686
Correlation
                Time   GC Util  heapSize  numThreads  GCInterval
Time        1.000000 -0.155007  0.931465    0.044923    0.176584
GC Util    -0.155007  1.000000 -0.152617   -0.036368   -0.054682
heapSize    0.931465 -0.152617  1.000000    0.034473    0.180785
numThreads  0.044923 -0.036368  0.034473    1.000000    0.012298
GCInterval  0.176584 -0.054682  0.180785    0.012298    1.000000
R Means Squared
37.02633278531777
