
GC Util
36.02563706563706
6475
822.0
0.0
27.0
46.796705946070745
-6.296213558008027
3.150513544949115e-10
heapSize
616.2292664092664
6475
1786.72
100.0
528.12
470.2100363133168
numThreads
92.5945945945946
6475
100.0
12.5
100.0
24.356201704031214
GCInterval
99.57560617760619
6475
112.85
0.0
102.05
10.633298006259471
Correlation
                Time   GC Util  heapSize  numThreads  GCInterval
Time        1.000000 -0.106750  0.963943    0.110555    0.201855
GC Util    -0.106750  1.000000 -0.127894   -0.141773   -0.142911
heapSize    0.963943 -0.127894  1.000000    0.113301    0.186548
numThreads  0.110555 -0.141773  0.113301    1.000000    0.139611
GCInterval  0.201855 -0.142911  0.186548    0.139611    1.000000
R Means Squared
46.96156976453231
