
GC Util
10.161140536472459
70423
956.0
0.0
5.0
18.525435201728015
-41.703783607677394
0.0
heapSize
315.66016159493347
70423
457.03
100.0
332.03
79.29788119806634
numThreads
99.84096104965707
70423
100.0
12.5
100.0
3.7270379680798507
GCInterval
102.54796089345811
70423
106.85
0.0
103.25
4.046401298509507
Correlation
                Time   GC Util  heapSize  numThreads  GCInterval
Time        1.000000 -0.145566  0.936255    0.033716    0.148707
GC Util    -0.145566  1.000000 -0.182638   -0.041631   -0.054111
heapSize    0.936255 -0.182638  1.000000    0.043702    0.184971
numThreads  0.033716 -0.041631  0.043702    1.000000    0.013556
GCInterval  0.148707 -0.054111  0.184971    0.013556    1.000000
R Means Squared
35.12185089380816
