
GC Util
3.516876240900066
4533
179.0
0.0
0.0
13.114304653049787
-3.048862256885928
0.002303832034617665
heapSize
126.48600044120892
4533
145.31
100.0
131.25
13.539108929554951
numThreads
99.9227884403265
4533
100.0
12.5
100.0
2.5983724263724963
GCInterval
129.43510919920584
4533
162.85
0.0
131.65
24.394928610176734
Correlation
                Time   GC Util  heapSize  numThreads  GCInterval
Time        1.000000 -0.233605  0.761644    0.010748    0.235624
GC Util    -0.233605  1.000000 -0.292483   -0.046422   -0.170995
heapSize    0.761644 -0.292483  1.000000    0.012691    0.229684
numThreads  0.010748 -0.046422  0.012691    1.000000    0.056879
GCInterval  0.235624 -0.170995  0.229684    0.056879    1.000000
R Means Squared
38.76809725922043
