
GC Util
41.677637130801685
5925
193.0
0.0
32.0
39.13941796936166
-167.6318507507709
0.0
heapSize
242.3934447257384
5925
395.31
100.0
242.19
83.71599057822289
numThreads
82.27848101265823
5925
100.0
12.5
100.0
35.1680169614888
GCInterval
99.9831223628692
5925
100
0
100.0
1.2991396049232617
Correlation
                Time   GC Util  heapSize  numThreads  GCInterval
Time        1.000000  0.145841  0.993358    0.020037    0.029461
GC Util     0.145841  1.000000  0.148023    0.407996    0.013836
heapSize    0.993358  0.148023  1.000000    0.031671    0.022101
numThreads  0.020037  0.407996  0.031671    1.000000   -0.006548
GCInterval  0.029461  0.013836  0.022101   -0.006548    1.000000
R Means Squared
39.172055828178166
