
GC Util
26.414507772020727
193
120.0
0.0
31.0
25.056689827169734
-15.88682267657103
2.1777828689790185e-44
heapSize
102.58984455958549
193
106.25
100.0
101.56
2.3371359958745304
numThreads
91.83937823834196
193
100.0
12.5
100.0
25.5113864208004
GCInterval
99.48186528497409
193
100
0
100.0
7.198157507486946
Correlation
                Time   GC Util  heapSize  numThreads  GCInterval
Time        1.000000  0.413974  0.994541   -0.281130    0.086087
GC Util     0.413974  1.000000  0.384510   -0.187173    0.076277
heapSize    0.994541  0.384510  1.000000   -0.288638    0.080180
numThreads -0.281130 -0.187173 -0.288638    1.000000   -0.023146
GCInterval  0.086087  0.076277  0.080180   -0.023146    1.000000
R Means Squared
28.445566597755747
