
GC Util
15.08313024641213
3693
114.0
0.0
7.0
22.314247564506502
-75.03411680735535
0.0
heapSize
197.73688058489034
3693
329.69
100.0
196.09
55.55308659268258
numThreads
99.33658272407257
3693
100.0
12.5
100.0
7.591079822360022
GCInterval
99.97292174383969
3693
100
0
100.0
1.6455472086908738
Correlation
                Time   GC Util  heapSize  numThreads  GCInterval
Time        1.000000 -0.228107  0.978588    0.006227    0.032310
GC Util    -0.228107  1.000000 -0.252049    0.009280    0.011126
heapSize    0.978588 -0.252049  1.000000    0.009696    0.028959
numThreads  0.006227  0.009280  0.009696    1.000000   -0.001439
GCInterval  0.032310  0.011126  0.028959   -0.001439    1.000000
R Means Squared
33.44609413826787
