
GC Util
53.095652173913045
345
148.0
0.0
36.0
42.054084898174295
0.7358916854991543
0.4620276216203173
heapSize
106.22260869565216
345
114.06
100.0
106.25
4.689510701212295
numThreads
99.4927536231884
345
100.0
12.5
100.0
6.652445756763459
GCInterval
99.71014492753623
345
100
0
100.0
5.383819020581655
Correlation
                Time   GC Util  heapSize  numThreads  GCInterval
Time        1.000000  0.595993  0.894570    0.041410    0.119029
GC Util     0.595993  1.000000  0.552938    0.069273    0.068171
heapSize    0.894570  0.552938  1.000000    0.076033    0.071647
numThreads  0.041410  0.069273  0.076033    1.000000   -0.004117
GCInterval  0.119029  0.068171  0.071647   -0.004117    1.000000
R Means Squared
43.98767943446194
