
GC Util
55.739294527507624
6889
1109.0
0.0
40.0
90.26567749606045
11.539627800351706
1.174995559697408e-30
heapSize
178.05133691392072
6889
750.0
100.0
100.0
135.6910139345997
numThreads
93.852518507766
6889
100.0
12.5
100.0
22.364831953423263
GCInterval
93.1007040209029
6889
124.45
0.0
100.05
21.995873247222605
Correlation
                Time   GC Util  heapSize  numThreads  GCInterval
Time        1.000000  0.223667  0.867236    0.199225   -0.358150
GC Util     0.223667  1.000000  0.228108    0.037226   -0.404376
heapSize    0.867236  0.228108  1.000000    0.136896   -0.373449
numThreads  0.199225  0.037226  0.136896    1.000000   -0.069460
GCInterval -0.358150 -0.404376 -0.373449   -0.069460    1.000000
R Means Squared
91.62115032310635
