
GC Util
22.75080771235018
9595
133.0
0.0
17.0
16.016281783877098
-91.85923191179238
0.0
heapSize
310.6966378322043
9595
517.19
100.0
308.59
119.0846255125851
numThreads
99.61698801459093
9595
100.0
12.5
100.0
5.77670567275191
GCInterval
99.98957790515894
9595
100
0
100.0
1.0208866166750867
Correlation
                Time   GC Util  heapSize  numThreads  GCInterval
Time        1.000000 -0.404977  0.967103    0.055986    0.027297
GC Util    -0.404977  1.000000 -0.447546   -0.067865    0.014503
heapSize    0.967103 -0.447546  1.000000    0.051572    0.018064
numThreads  0.055986 -0.067865  0.051572    1.000000   -0.000677
GCInterval  0.027297  0.014503  0.018064   -0.000677    1.000000
R Means Squared
23.53782449304852
