
GC Util
50.153678236192974
4581
147.0
0.0
38.0
28.002439891050635
-34.54242429245911
1.139489269479144e-252
heapSize
200.81759004584148
4581
289.84
100.0
203.12
51.645017272547044
numThreads
99.73259113730626
4581
100.0
12.5
100.0
4.83030652926267
GCInterval
99.97817070508623
4581
100
0
100.0
1.4774740239264543
Correlation
                Time   GC Util  heapSize  numThreads  GCInterval
Time        1.000000  0.189860  0.988847    0.039364    0.026154
GC Util     0.189860  1.000000  0.193790    0.025163    0.026468
heapSize    0.988847  0.193790  1.000000    0.045272    0.028848
numThreads  0.039364  0.025163  0.045272    1.000000   -0.000818
GCInterval  0.026154  0.026468  0.028848   -0.000818    1.000000
R Means Squared
29.783596996944517
