
GC Util
36.50753745535507
21559
220.0
0.0
26.0
34.18162588114328
-168.1580987169937
0.0
heapSize
376.6634472841968
21559
645.31
100.0
376.56
152.68712256749205
numThreads
86.33053481144765
21559
100.0
12.5
100.0
31.769021700629786
GCInterval
99.99536156593534
21559
100
0
100.0
0.6810605013256731
Correlation
                Time   GC Util  heapSize  numThreads  GCInterval
Time        1.000000 -0.036032  0.995399    0.000887    0.013815
GC Util    -0.036032  1.000000 -0.034270    0.000745    0.007274
heapSize    0.995399 -0.034270  1.000000    0.001271    0.012341
numThreads  0.000887  0.000745  0.001271    1.000000   -0.002931
GCInterval  0.013815  0.007274  0.012341   -0.002931    1.000000
R Means Squared
34.35879287465876
