
GC Util
8.89655172413793
667
80.0
0.0
2.0
14.227973444302604
1.4110853679083863
0.1584603744546151
heapSize
100.1590404797601
667
101.56
100.0
100.0
0.4723810143128676
numThreads
99.7376311844078
667
100.0
12.5
100.0
4.787776204762911
GCInterval
99.11311844077959
667
113.65
0.0
104.85
24.939123108720093
Correlation
                Time   GC Util  heapSize  numThreads  GCInterval
Time        1.000000 -0.230985  0.178405    0.072786    0.404781
GC Util    -0.230985  1.000000  0.005937   -0.162407   -0.271222
heapSize    0.178405  0.005937  1.000000    0.018478    0.097049
numThreads  0.072786 -0.162407  0.018478    1.000000   -0.002502
GCInterval  0.404781 -0.271222  0.097049   -0.002502    1.000000
R Means Squared
34.198775151883076
