
GC Util
17.96958174904943
4471
124.0
0.0
5.0
26.54856620587806
-78.89118645870204
0.0
heapSize
206.81682397673896
4471
323.44
100.0
206.25
63.080053413739236
numThreads
90.2538581972713
4471
100.0
12.5
100.0
27.531248753548677
GCInterval
99.97763363900694
4471
100
0
100.0
1.4955387321318838
Correlation
                Time   GC Util  heapSize  numThreads  GCInterval
Time        1.000000 -0.344433  0.994937    0.007459    0.025239
GC Util    -0.344433  1.000000 -0.337202    0.088937    0.010125
heapSize    0.994937 -0.337202  1.000000    0.013150    0.025330
numThreads  0.007459  0.088937  0.013150    1.000000   -0.005295
GCInterval  0.025239  0.010125  0.025330   -0.005295    1.000000
R Means Squared
34.496493327437754
