
GC Util
37.23711340206186
97
118.0
0.0
30.0
36.4890888930845
-1.4945259596280183
0.13650442896907009
heapSize
101.28989690721649
97
103.91
100.0
100.0
1.8479360642604752
numThreads
98.19587628865979
97
100.0
12.5
100.0
12.498657573963806
GCInterval
98.96907216494846
97
100
0
100.0
10.153461651336192
Correlation
                Time   GC Util  heapSize  numThreads  GCInterval
Time        1.000000  0.863107  0.710599   -0.052852    0.135831
GC Util     0.863107  1.000000  0.872462    0.032924    0.104695
heapSize    0.710599  0.872462  1.000000    0.101806    0.071611
numThreads -0.052852  0.032924  0.101806    1.000000   -0.014809
GCInterval  0.135831  0.104695  0.071611   -0.014809    1.000000
R Means Squared
36.40550541803077
