
GC Util
5.413278855975485
4895
2750.0
0.0
0.0
60.70642058951965
0.9167228949698932
0.3593116903277873
heapSize
125.33252706843717
4895
150.0
100.0
128.91
13.192478602274395
numThreads
99.96424923391216
4895
100.0
12.5
100.0
1.7684888587346135
GCInterval
119.02068437180797
4895
142.05
0.0
121.25
18.966367530561104
Correlation
                Time   GC Util  heapSize  numThreads  GCInterval
Time        1.000000 -0.091341  0.677299    0.020399    0.241055
GC Util    -0.091341  1.000000 -0.098733    0.001803   -0.132512
heapSize    0.677299 -0.098733  1.000000   -0.016258    0.192070
numThreads  0.020399  0.001803 -0.016258    1.000000    0.030032
GCInterval  0.241055 -0.132512  0.192070    0.030032    1.000000
R Means Squared
69.86242134539185
