
GC Util
27.251250297689925
12597
168.0
0.0
18.0
23.030062009842357
-98.44474992342101
0.0
heapSize
280.9468460744622
12597
459.38
100.0
281.25
102.57581294402159
numThreads
99.08311502738748
12597
100.0
12.5
100.0
8.910278311459901
GCInterval
99.99206160196873
12597
100
0
100.0
0.8909768813654646
Correlation
                Time   GC Util  heapSize  numThreads  GCInterval
Time        1.000000 -0.122814  0.472313    0.032834    0.057542
GC Util    -0.122814  1.000000 -0.392343   -0.038620    0.010544
heapSize    0.472313 -0.392343  1.000000    0.075819    0.015718
numThreads  0.032834 -0.038620  0.075819    1.000000   -0.000917
GCInterval  0.057542  0.010544  0.015718   -0.000917    1.000000
R Means Squared
26.322467041971517
