
GC Util
20.11914625832503
19069
1447.0
0.0
10.0
58.40971353272402
18.758236458833395
3.733711599112854e-78
heapSize
342.7452105511564
19069
434.38
100.0
399.22
115.53357259572509
numThreads
99.82563322670302
19069
100.0
12.5
100.0
3.902241335255556
GCInterval
103.69249305154963
19069
114.45
0.0
105.25
10.38218946215716
Correlation
                Time   GC Util  heapSize  numThreads  GCInterval
Time        1.000000 -0.153846  0.795487    0.046601    0.265509
GC Util    -0.153846  1.000000 -0.048376   -0.013921   -0.399550
heapSize    0.795487 -0.048376  1.000000    0.043856    0.076160
numThreads  0.046601 -0.013921  0.043856    1.000000    0.043405
GCInterval  0.265509 -0.399550  0.076160    0.043405    1.000000
R Means Squared
61.6989794675278
