
GC Util
24.42912689996465
2829
182.0
0.0
12.0
28.874607217908395
-0.10589108700242345
0.915672549100002
heapSize
125.05359490986214
2829
174.22
100.0
126.56
20.38442611542155
numThreads
99.2576882290562
2829
100.0
12.5
100.0
8.026457868366688
GCInterval
99.53784022622837
2829
113.65
0.0
102.45
13.55774095162538
Correlation
                Time   GC Util  heapSize  numThreads  GCInterval
Time        1.000000  0.109852  0.833228   -0.011315    0.150799
GC Util     0.109852  1.000000  0.084897   -0.047220    0.007872
heapSize    0.833228  0.084897  1.000000   -0.008618    0.002597
numThreads -0.011315 -0.047220 -0.008618    1.000000   -0.003609
GCInterval  0.150799  0.007872  0.002597   -0.003609    1.000000
R Means Squared
32.80091947085655
