
GC Util
37.22833431590404
22051
172.0
0.0
25.0
35.587997248377725
-89.15254881048813
0.0
heapSize
383.35844995691804
22051
656.25
100.0
384.38
157.04476579463878
numThreads
84.15151240306562
22051
100.0
12.5
100.0
33.698955552196345
GCInterval
99.99546505827401
22051
100
0
100.0
0.6734197595852693
Correlation
                Time   GC Util  heapSize  numThreads  GCInterval
Time        1.000000  0.292500  0.979827   -0.094269    0.008804
GC Util     0.292500  1.000000  0.275707   -0.078354    0.007045
heapSize    0.979827  0.275707  1.000000   -0.089157    0.012151
numThreads -0.094269 -0.078354 -0.089157    1.000000   -0.003167
GCInterval  0.008804  0.007045  0.012151   -0.003167    1.000000
R Means Squared
35.69496103830862
