
GC Util
34.62407301768397
5259
967.0
0.0
27.0
41.32749597099249
-0.33035182910517885
0.7411411063823566
heapSize
291.3594675793877
5259
930.47
100.0
234.38
186.24004301501475
numThreads
98.86860619889713
5259
100.0
12.5
100.0
9.88612614162593
GCInterval
99.33592888381823
5259
106.05
0.0
100.85
8.838030027635146
Correlation
                Time   GC Util  heapSize  numThreads  GCInterval
Time        1.000000  0.050449  0.781199   -0.013410    0.148312
GC Util     0.050449  1.000000  0.020199   -0.026376   -0.066887
heapSize    0.781199  0.020199  1.000000   -0.010705    0.038966
numThreads -0.013410 -0.026376 -0.010705    1.000000    0.013531
GCInterval  0.148312 -0.066887  0.038966    0.013531    1.000000
R Means Squared
41.67178595666865
