
GC Util
39.854922279792746
193
143.0
0.0
36.0
35.9345424742332
-10.646203681031247
1.8279877815610414e-23
heapSize
103.88642487046633
193
109.38
100.0
102.34
3.50664134265894
numThreads
96.37305699481865
193
100.0
12.5
100.0
17.48677177069216
GCInterval
99.48186528497409
193
100
0
100.0
7.198157507486947
Correlation
                Time   GC Util  heapSize  numThreads  GCInterval
Time        1.000000  0.609672  0.990499    0.113787    0.085072
GC Util     0.609672  1.000000  0.609769    0.134054    0.080250
heapSize    0.990499  0.609769  1.000000    0.091944    0.080193
numThreads  0.113787  0.134054  0.091944    1.000000   -0.015008
GCInterval  0.085072  0.080250  0.080193   -0.015008    1.000000
R Means Squared
35.84162052220897
