
GC Util
20.316861279775807
10705
138.0
0.0
7.0
29.84171810778237
-105.27015411220731
0.0
heapSize
195.24224007473146
10705
285.16
100.0
196.09
53.54753450163293
numThreads
99.11723493694535
10705
100.0
12.5
100.0
8.744701952275477
GCInterval
99.99065857076133
10705
100
0
100.0
0.9665106951644933
Correlation
                Time   GC Util  heapSize  numThreads  GCInterval
Time        1.000000 -0.244046  0.848094    0.056105    0.035247
GC Util    -0.244046  1.000000 -0.305426   -0.039525    0.006581
heapSize    0.848094 -0.305426  1.000000    0.075727    0.017192
numThreads  0.056105 -0.039525  0.075727    1.000000   -0.000976
GCInterval  0.035247  0.006581  0.017192   -0.000976    1.000000
R Means Squared
35.747320199532744
