
GC Util
21.719520789288232
4257
149.0
0.0
17.0
15.903234082462012
-117.49035619655065
0.0
heapSize
353.875987784825
4257
611.72
100.0
353.91
149.9719526487095
numThreads
99.91778247592201
4257
100.0
12.5
100.0
2.681224044100873
GCInterval
99.97650927883485
4257
100
0
100.0
1.5326682995723424
Correlation
                Time   GC Util  heapSize  numThreads  GCInterval
Time        1.000000 -0.348958  0.971549    0.045088    0.040734
GC Util    -0.348958  1.000000 -0.384848   -0.036221    0.020937
heapSize    0.971549 -0.384848  1.000000    0.035544    0.025951
numThreads  0.045088 -0.036221  0.035544    1.000000   -0.000470
GCInterval  0.040734  0.020937  0.025951   -0.000470    1.000000
R Means Squared
24.228688850234064
