
GC Util
37.18357701964259
6771
864.0
0.0
29.0
41.66488097087015
-5.278994183326322
1.3198640322941885e-07
heapSize
605.8771141633437
6771
1732.81
100.0
540.62
456.2600354931542
numThreads
99.58647171761926
6771
100.0
12.5
100.0
6.001503022099868
GCInterval
97.59823512036627
6771
146.45
0.0
105.65
29.486540758120622
Correlation
                Time   GC Util  heapSize  numThreads  GCInterval
Time        1.000000 -0.076941  0.971663    0.045146    0.152102
GC Util    -0.076941  1.000000 -0.091122    0.000924   -0.190076
heapSize    0.971663 -0.091122  1.000000    0.046333    0.141079
numThreads  0.045146  0.000924  0.046333    1.000000    0.013873
GCInterval  0.152102 -0.190076  0.141079    0.013873    1.000000
R Means Squared
41.75689359558391
