
GC Util
60.174442190669374
493
151.0
0.0
44.0
36.225327964300654
-3.5823823134806574
0.00035396079779252953
heapSize
114.64235294117645
493
132.81
100.0
114.06
10.199200198854692
numThreads
99.64503042596348
493
100.0
12.5
100.0
5.567468722562764
GCInterval
99.7971602434077
493
100
0
100.0
4.503773491110451
Correlation
                Time   GC Util  heapSize  numThreads  GCInterval
Time        1.000000  0.580234  0.835812   -0.052478    0.120209
GC Util     0.580234  1.000000  0.355887    0.047925    0.074965
heapSize    0.835812  0.355887  1.000000   -0.040388    0.064789
numThreads -0.052478  0.047925 -0.040388    1.000000   -0.002877
GCInterval  0.120209  0.074965  0.064789   -0.002877    1.000000
R Means Squared
41.43212147181426
