
GC Util
15.283125805066552
11645
557.0
0.0
7.0
24.483337834538737
-11.764736733585659
7.294503801005154e-32
heapSize
196.35509832546157
11645
280.47
100.0
204.69
47.598345143245346
numThreads
99.56419063975956
11645
100.0
12.5
100.0
6.160085051694238
GCInterval
106.69610562473164
11645
126.85
0.0
108.85
15.86431726404849
Correlation
                Time   GC Util  heapSize  numThreads  GCInterval
Time        1.000000 -0.150410  0.945645    0.034529    0.169666
GC Util    -0.150410  1.000000 -0.140631   -0.052993   -0.044869
heapSize    0.945645 -0.140631  1.000000    0.033226    0.162199
numThreads  0.034529 -0.052993  0.033226    1.000000    0.023028
GCInterval  0.169666 -0.044869  0.162199    0.023028    1.000000
R Means Squared
34.78945567047584
