
GC Util
38.63832916605383
6799
692.0
0.0
29.0
45.600719974230515
-3.33480833364918
0.000855965493058118
heapSize
608.5799529342552
6799
1699.22
100.0
514.06
463.9707194664128
numThreads
98.97043682894544
6799
100.0
12.5
100.0
9.436094169144567
GCInterval
97.94467568760113
6799
119.65
0.0
102.05
14.642057885230116
Correlation
                Time   GC Util  heapSize  numThreads  GCInterval
Time        1.000000 -0.100008  0.967459    0.058256    0.161062
GC Util    -0.100008  1.000000 -0.119196   -0.023958   -0.172017
heapSize    0.967459 -0.119196  1.000000    0.061231    0.150658
numThreads  0.058256 -0.023958  0.061231    1.000000   -0.004847
GCInterval  0.161062 -0.172017  0.150658   -0.004847    1.000000
R Means Squared
45.617693571242924
