
GC Util
20.11279702261666
3493
108.0
0.0
7.0
28.387625151347482
-83.56876598563892
0.0
heapSize
183.79970226166623
3493
329.69
100.0
182.81
51.01336772590455
numThreads
99.8997995991984
3493
100.0
12.5
100.0
2.9597301943786105
GCInterval
99.97137131405668
3493
100
0
100.0
1.6920013576624342
Correlation
                Time   GC Util  heapSize  numThreads  GCInterval
Time        1.000000 -0.208916  0.985016   -0.011731    0.030762
GC Util    -0.208916  1.000000 -0.217011   -0.007619    0.011991
heapSize    0.985016 -0.217011  1.000000   -0.005049    0.027802
numThreads -0.011731 -0.007619 -0.005049    1.000000   -0.000573
GCInterval  0.030762  0.011991  0.027802   -0.000573    1.000000
R Means Squared
34.65728491460991
