
GC Util
30.036404438349333
8021
2995.0
0.0
8.0
115.00132026234654
10.632972433379633
2.567790950304532e-26
heapSize
265.39572123176663
8021
458.59
100.0
214.06
140.93906096795084
numThreads
99.84727590076051
8021
100.0
12.5
100.0
3.6526288312469983
GCInterval
112.11242363795039
8021
162.85
0.0
119.65
37.73807636414969
Correlation
                Time   GC Util  heapSize  numThreads  GCInterval
Time        1.000000  0.005636  0.872269    0.055467    0.085391
GC Util     0.005636  1.000000  0.067807   -0.004870   -0.344428
heapSize    0.872269  0.067807  1.000000    0.046060   -0.078807
numThreads  0.055467 -0.004870  0.046060    1.000000    0.024764
GCInterval  0.085391 -0.344428 -0.078807    0.024764    1.000000
R Means Squared
115.42498890548978
