
GC Util
35.92571117956152
5519
151.0
0.0
27.0
32.192030799105744
-48.98902041855544
0.0
heapSize
178.93922449719153
5519
248.44
100.0
179.69
40.7561816534007
numThreads
84.52618227939844
5519
100.0
12.5
100.0
33.38745265339915
GCInterval
99.9818807755028
5519
100
0
100.0
1.3460766879042039
Correlation
                Time   GC Util  heapSize  numThreads  GCInterval
Time        1.000000  0.047061  0.991396   -0.027591    0.024134
GC Util     0.047061  1.000000  0.046271   -0.190800    0.015025
heapSize    0.991396  0.046271  1.000000   -0.035678    0.026076
numThreads -0.027591 -0.190800 -0.035678    1.000000   -0.006240
GCInterval  0.024134  0.015025  0.026076   -0.006240    1.000000
R Means Squared
32.4459381429324
