
GC Util
11.743051266213712
1619
103.0
0.0
7.0
14.594924133462408
5.310235936337844
1.171025427874046e-07
heapSize
100.2659419394688
1619
101.56
100.0
100.0
0.5868193996041183
numThreads
99.6757257566399
1619
100.0
12.5
100.0
5.318487941285984
GCInterval
106.14357628165536
1619
120.05
0.0
108.45
16.539755234274825
Correlation
                Time   GC Util  heapSize  numThreads  GCInterval
Time        1.000000 -0.280489  0.056842    0.095994    0.406670
GC Util    -0.280489  1.000000 -0.015882   -0.173853   -0.129981
heapSize    0.056842 -0.015882  1.000000    0.027649    0.075235
numThreads  0.095994 -0.173853  0.027649    1.000000    0.078544
GCInterval  0.406670 -0.129981  0.075235    0.078544    1.000000
R Means Squared
31.801499842262444
