
GC Util
20.539909916562063
13543
194.0
0.0
17.0
18.127137967785302
-109.77133360065847
0.0
heapSize
285.5508764675478
13543
459.38
100.0
285.94
100.95885893307288
numThreads
95.64535184228015
13543
100.0
12.5
100.0
19.028806845140682
GCInterval
99.9926161116444
13543
100
0
100.0
0.8592955461078606
Correlation
                Time   GC Util  heapSize  numThreads  GCInterval
Time        1.000000 -0.284898  0.974746   -0.023536    0.024269
GC Util    -0.284898  1.000000 -0.316556    0.088713    0.009737
heapSize    0.974746 -0.316556  1.000000   -0.021560    0.015794
numThreads -0.023536  0.088713 -0.021560    1.000000   -0.001967
GCInterval  0.024269  0.009737  0.015794   -0.001967    1.000000
R Means Squared
26.594435019543337
