
GC Util
58.00489610019926
17565
177.0
0.0
58.0
30.71935651446306
-129.6223541334847
0.0
heapSize
440.77951949900364
17565
770.31
100.0
442.19
186.96416014387557
numThreads
99.04355251921434
17565
100.0
12.5
100.0
9.098300693740011
GCInterval
99.99430686023342
17565
100
0
100.0
0.7545289766855394
Correlation
                Time   GC Util  heapSize  numThreads  GCInterval
Time        1.000000  0.282573  0.995104   -0.009224    0.015462
GC Util     0.282573  1.000000  0.264505    0.033812    0.014248
heapSize    0.995104  0.264505  1.000000   -0.011939    0.013754
numThreads -0.009224  0.033812 -0.011939    1.000000   -0.000793
GCInterval  0.015462  0.014248  0.013754   -0.000793    1.000000
R Means Squared
35.606199225485184
