
GC Util
140.26462054291056
15509
354.0
0.0
113.0
73.19675643971222
-4.304702133467792
1.6771825513354027e-05
heapSize
100.0
15509
100
100
100.0
0.0
numThreads
98.84905538719453
15509
100.0
12.5
100.0
9.969422682196285
GCInterval
99.99355213102069
15509
100
0
100.0
0.8029862376966583
Correlation
                Time   GC Util  heapSize  numThreads  GCInterval
Time        1.000000  0.302211       NaN    0.046084    0.012973
GC Util     0.302211  1.000000       NaN    0.088516    0.015388
heapSize         NaN       NaN       NaN         NaN         NaN
numThreads  0.046084  0.088516       NaN    1.000000   -0.000927
GCInterval  0.012973  0.015388       NaN   -0.000927    1.000000
R Means Squared
124.13868786253177
