
GC Util
38.207267833109015
743
138.0
0.0
27.0
26.22790639361156
-15.765253141773947
9.6151634899966e-53
heapSize
122.51633916554509
743
144.53
100.0
123.44
13.947931477826689
numThreads
99.0578734858681
743
100.0
12.5
100.0
9.036502155872212
GCInterval
99.86541049798116
743
100
0
100.0
3.6686441912352663
Correlation
                Time   GC Util  heapSize  numThreads  GCInterval
Time        1.000000  0.324515  0.973901    0.118902    0.087522
GC Util     0.324515  1.000000  0.288729    0.006796    0.053515
heapSize    0.973901  0.288729  1.000000    0.120292    0.059303
numThreads  0.118902  0.006796  0.120292    1.000000   -0.003830
GCInterval  0.087522  0.053515  0.059303   -0.003830    1.000000
R Means Squared
26.271488672948603
