
GC Util
32.78153846153846
325
146.0
0.0
31.0
33.019424194995295
-5.472896155780171
6.098367231859769e-08
heapSize
105.75950769230768
325
114.06
100.0
106.25
4.428778473713803
numThreads
88.6923076923077
325
100.0
12.5
100.0
29.39759011965615
GCInterval
99.6923076923077
325
100
0
100.0
5.547001962252289
Correlation
                Time   GC Util  heapSize  numThreads  GCInterval
Time        1.000000  0.204095  0.985584   -0.068573    0.068722
GC Util     0.204095  1.000000  0.215331   -0.271866    0.055240
heapSize    0.985584  0.215331  1.000000   -0.081687    0.072360
numThreads -0.068573 -0.271866 -0.081687    1.000000   -0.021402
GCInterval  0.068722  0.055240  0.072360   -0.021402    1.000000
R Means Squared
33.74957549590581
