
GC Util
15.509561304836895
2667
128.0
0.0
7.0
22.346236336117542
-64.81087857615293
0.0
heapSize
218.60814398200222
2667
353.91
100.0
221.09
63.29849320226893
numThreads
99.86876640419948
2667
100.0
12.5
100.0
3.3867415158342027
GCInterval
99.96250468691413
2667
100
0
100.0
1.9363706537195886
Correlation
                Time   GC Util  heapSize  numThreads  GCInterval
Time        1.000000 -0.337753  0.986679    0.056636    0.045148
GC Util    -0.337753  1.000000 -0.373367   -0.017330    0.013445
heapSize    0.986679 -0.373367  1.000000    0.059478    0.036297
numThreads  0.056636 -0.017330  0.059478    1.000000   -0.000751
GCInterval  0.045148  0.013445  0.036297   -0.000751    1.000000
R Means Squared
33.15039413673799
