
GC Util
29.044341495698212
1511
132.0
0.0
15.0
27.680413965435434
-43.488407851391514
0.0
heapSize
148.9598014559894
1511
207.81
100.0
146.88
30.16090186238812
numThreads
97.33620119126407
1511
100.0
12.5
100.0
15.037826693116614
GCInterval
99.93381866313699
1511
100
0
100.0
2.5725733587791932
Correlation
                Time   GC Util  heapSize  numThreads  GCInterval
Time        1.000000  0.246682  0.976538   -0.090247    0.031488
GC Util     0.246682  1.000000  0.270156   -0.106630    0.027011
heapSize    0.976538  0.270156  1.000000   -0.097941    0.041788
numThreads -0.090247 -0.106630 -0.097941    1.000000   -0.004560
GCInterval  0.031488  0.027011  0.041788   -0.004560    1.000000
R Means Squared
29.76112708952149
