
GC Util
19.285092922103598
2529
166.0
0.0
8.0
26.46253208654892
-72.97071719559703
0.0
heapSize
189.1477500988533
2529
289.84
100.0
189.06
53.582726713154855
numThreads
99.86160537761961
2529
100.0
12.5
100.0
3.4778095077758544
GCInterval
99.96045867931988
2529
100
0
100.0
1.9884999542396458
Correlation
                Time   GC Util  heapSize  numThreads  GCInterval
Time        1.000000 -0.287750  0.986374   -0.027503    0.040337
GC Util    -0.287750  1.000000 -0.307911   -0.034924    0.014497
heapSize    0.986374 -0.307911  1.000000   -0.000808    0.033097
numThreads -0.027503 -0.034924 -0.000808    1.000000   -0.000792
GCInterval  0.040337  0.014497  0.033097   -0.000792    1.000000
R Means Squared
33.60202501947246
