
GC Util
16.69953898576869
4989
120.0
0.0
7.0
25.697567935168724
-81.67762903788878
0.0
heapSize
183.7486349969934
4989
273.44
100.0
182.81
47.01093704879919
numThreads
98.98276207656845
4989
100.0
12.5
100.0
9.38036152530092
GCInterval
99.97995590298657
4989
100
0
100.0
1.4157717688041933
Correlation
                Time   GC Util  heapSize  numThreads  GCInterval
Time        1.000000 -0.058457  0.433995   -0.034098    0.062614
GC Util    -0.058457  1.000000 -0.174882    0.023184    0.009202
heapSize    0.433995 -0.174882  1.000000   -0.023075    0.025227
numThreads -0.034098  0.023184 -0.023075    1.000000   -0.001536
GCInterval  0.062614  0.009202  0.025227   -0.001536    1.000000
R Means Squared
34.68636788505719
