
GC Util
19.996733200483487
30611
132.0
0.0
16.0
13.253820556257466
-158.16342809970283
0.0
heapSize
506.6599745189638
30611
892.19
100.0
510.94
227.27785791464132
numThreads
99.65126915161217
30611
100.0
12.5
100.0
5.5130145037393445
GCInterval
99.99673320048349
30611
100
0
100.0
0.571559228471877
Correlation
                Time   GC Util  heapSize  numThreads  GCInterval
Time        1.000000 -0.289680  0.990335    0.044364    0.012167
GC Util    -0.289680  1.000000 -0.308836   -0.093125    0.008624
heapSize    0.990335 -0.308836  1.000000    0.048023    0.010227
numThreads  0.044364 -0.093125  0.048023    1.000000   -0.000362
GCInterval  0.012167  0.008624  0.010227   -0.000362    1.000000
R Means Squared
23.995597583875085
