
GC Util
19.93357711335771
23245
131.0
0.0
17.0
12.875697111549847
-138.3051514591201
0.0
heapSize
594.1058515809852
23245
1044.53
100.0
608.59
272.0673808221726
numThreads
99.82684448268445
23245
100.0
12.5
100.0
3.8886727132505987
GCInterval
99.9956979995698
23245
100
0
100.0
0.6558963660670825
Correlation
                Time   GC Util  heapSize  numThreads  GCInterval
Time        1.000000 -0.272267  0.990905    0.040290    0.014551
GC Util    -0.272267  1.000000 -0.284497   -0.047295    0.010155
heapSize    0.990905 -0.284497  1.000000    0.042694    0.011912
numThreads  0.040290 -0.047295  0.042694    1.000000   -0.000292
GCInterval  0.014551  0.010155  0.011912   -0.000292    1.000000
R Means Squared
23.841933050064902
