
GC Util
60.92174105414524
18081
192.0
0.0
54.0
37.00718079654793
-45.924709349034785
0.0
heapSize
452.14971848902167
18081
789.06
100.0
453.91
193.8970704266205
numThreads
98.5385210994967
18081
100.0
12.5
100.0
11.213850277941793
GCInterval
99.99446933244843
18081
100
0
100.0
0.7436845804219337
Correlation
                Time   GC Util  heapSize  numThreads  GCInterval
Time        1.000000  0.714637  0.978028    0.044873    0.009629
GC Util     0.714637  1.000000  0.669119    0.044179    0.012243
heapSize    0.978028  0.669119  1.000000    0.039979    0.013507
numThreads  0.044873  0.044179  0.039979    1.000000   -0.000969
GCInterval  0.009629  0.012243  0.013507   -0.000969    1.000000
R Means Squared
42.51088019571762
