
GC Util
61.7070938215103
3059
3003.0
0.0
30.0
128.2655023619454
8.745686009742023
2.8584007801071154e-18
heapSize
189.6816999019287
3059
589.84
100.0
131.25
119.01491369957425
numThreads
91.13272311212815
3059
100.0
12.5
100.0
26.40996288227094
GCInterval
94.57366786531546
3059
113.65
0.0
100.45
16.13539773259593
Correlation
                Time   GC Util  heapSize  numThreads  GCInterval
Time        1.000000  0.264428  0.856448   -0.285047   -0.319617
GC Util     0.264428  1.000000  0.298449   -0.064912   -0.274296
heapSize    0.856448  0.298449  1.000000   -0.292861   -0.456400
numThreads -0.285047 -0.064912 -0.292861    1.000000    0.133617
GCInterval -0.319617 -0.274296 -0.456400    0.133617    1.000000
R Means Squared
130.068669468778
