
GC Util
8.905263157894737
665
69.0
0.0
2.0
14.287549954531533
1.4176432911309378
0.1565366118951511
heapSize
100.10790977443611
665
101.56
100.0
100.0
0.3961448153625822
numThreads
99.47368421052632
665
100.0
12.5
100.0
6.770861279066926
GCInterval
104.436015037594
665
126.05
0.0
109.25
24.806667964719114
Correlation
                Time   GC Util  heapSize  numThreads  GCInterval
Time        1.000000 -0.209120  0.136294    0.100605    0.430422
GC Util    -0.209120  1.000000 -0.004833   -0.128562   -0.242635
heapSize    0.136294 -0.004833  1.000000    0.021206    0.084882
numThreads  0.100605 -0.128562  0.021206    1.000000    0.095045
GCInterval  0.430422 -0.242635  0.084882    0.095045    1.000000
R Means Squared
34.21563640261701
