
GC Util
37.246127366609294
1743
138.0
0.0
18.0
31.055683216165185
-124.1775939538601
0.0
heapSize
140.28787148594378
1743
189.06
100.0
140.62
24.686372852127686
numThreads
97.48995983935743
1743
100.0
12.5
100.0
14.609951201445003
GCInterval
99.94262765347102
1743
100
0
100.0
2.3952525238265188
Correlation
                Time   GC Util  heapSize  numThreads  GCInterval
Time        1.000000  0.279224  0.975932   -0.092754    0.030101
GC Util     0.279224  1.000000  0.305432   -0.066390    0.028744
heapSize    0.975932  0.305432  1.000000   -0.083724    0.039113
numThreads -0.092754 -0.066390 -0.083724    1.000000   -0.004117
GCInterval  0.030101  0.028744  0.039113   -0.004117    1.000000
R Means Squared
31.168669265387326
