
GC Util
46.41450777202073
193
131.0
0.0
37.0
38.7919691658165
-1.913717659134711
0.05637145256838322
heapSize
102.58984455958549
193
106.25
100.0
101.56
2.3371359958745304
numThreads
97.27979274611398
193
100.0
12.5
100.0
15.225627927614529
GCInterval
99.48186528497409
193
100
0
100.0
7.198157507486947
Correlation
                Time   GC Util  heapSize  numThreads  GCInterval
Time        1.000000  0.682091  0.993275    0.121872    0.085700
GC Util     0.682091  1.000000  0.666801    0.105313    0.086574
heapSize    0.993275  0.666801  1.000000    0.119093    0.080180
numThreads  0.121872  0.105313  0.119093    1.000000   -0.012927
GCInterval  0.085700  0.086574  0.080180   -0.012927    1.000000
R Means Squared
39.21945694561321
