
GC Util
19.71672228401928
2697
189.0
0.0
10.0
24.186524620723294
-5.032453071476461
4.99704570380777e-07
heapSize
130.00671116054875
2697
181.25
100.0
131.25
25.760748754311997
numThreads
99.6755654430849
2697
100.0
12.5
100.0
5.319140587401156
GCInterval
110.5951612903226
2697
160.05
0.0
114.45
28.005058720342586
Correlation
                Time   GC Util  heapSize  numThreads  GCInterval
Time        1.000000  0.059699  0.859826    0.035611   -0.011755
GC Util     0.059699  1.000000  0.085596   -0.045619   -0.051582
heapSize    0.859826  0.085596  1.000000    0.007415   -0.077225
numThreads  0.035611 -0.045619  0.007415    1.000000    0.035438
GCInterval -0.011755 -0.051582 -0.077225    0.035438    1.000000
R Means Squared
31.56235772112999
