
GC Util
20.956216515795308
5413
146.0
0.0
8.0
26.89961981268385
-81.59973619237131
0.0
heapSize
233.7890522815444
5413
390.62
100.0
238.28
73.2537749775051
numThreads
98.96545353777942
5413
100.0
12.5
100.0
9.458808466971373
GCInterval
99.98152595603177
5413
100
0
100.0
1.359192553254492
Correlation
                Time   GC Util  heapSize  numThreads  GCInterval
Time        1.000000 -0.452972  0.977901    0.108131    0.023550
GC Util    -0.452972  1.000000 -0.450892   -0.086215    0.010591
heapSize    0.977901 -0.450892  1.000000    0.109340    0.024829
numThreads  0.108131 -0.086215  0.109340    1.000000   -0.001487
GCInterval  0.023550  0.010591  0.024829   -0.001487    1.000000
R Means Squared
32.95635840333866
