
GC Util
54.21606648199446
3971
146.0
0.0
56.0
28.008664613658667
-137.45407416607563
0.0
heapSize
147.28453789977334
3971
196.09
100.0
147.66
27.978276157266254
numThreads
99.38302694535382
3971
100.0
12.5
100.0
7.322430533705064
GCInterval
99.97481742634098
3971
100
0
100.0
1.5869018135671764
Correlation
                Time   GC Util  heapSize  numThreads  GCInterval
Time        1.000000  0.005390  0.015413   -0.028115    0.004487
GC Util     0.005390  1.000000  0.139343    0.008818    0.030725
heapSize    0.015413  0.139343  1.000000    0.012665    0.026826
numThreads -0.028115  0.008818  0.012665    1.000000   -0.001337
GCInterval  0.004487  0.030725  0.026826   -0.001337    1.000000
R Means Squared
31.406755420992422
