
GC Util
52.11181252554612
22019
186.0
0.0
50.0
31.006566305153562
-65.13687804175912
0.0
heapSize
383.19333575548393
22019
654.69
100.0
384.38
156.89751259602414
numThreads
97.66338162496027
22019
100.0
12.5
100.0
14.106855077844623
GCInterval
99.995458467687
22019
100
0
100.0
0.6739089191428176
Correlation
                Time   GC Util  heapSize  numThreads  GCInterval
Time        1.000000  0.518438  0.980126   -0.013816    0.008849
GC Util     0.518438  1.000000  0.501991   -0.021898    0.011327
heapSize    0.980126  0.501991  1.000000   -0.026715    0.012164
numThreads -0.013816 -0.021898 -0.026715    1.000000   -0.001116
GCInterval  0.008849  0.011327  0.012164   -0.001116    1.000000
R Means Squared
33.28752760529535
