
GC Util
132.851332959731
12491
342.0
0.0
135.0
41.34467680203087
-5.682187731352843
1.3444845024193156e-08
heapSize
100.0
12491
100
100
100.0
0.0
numThreads
99.91593947642302
12491
100.0
12.5
100.0
2.710870334485928
GCInterval
99.99199423584982
12491
100
0
100.0
0.8947493587697132
Correlation
                Time   GC Util  heapSize  numThreads  GCInterval
Time        1.000000  0.428645       NaN    0.029077    0.025059
GC Util     0.428645  1.000000       NaN    0.052893    0.028753
heapSize         NaN       NaN       NaN         NaN         NaN
numThreads  0.029077  0.052893       NaN    1.000000   -0.000277
GCInterval  0.025059  0.028753       NaN   -0.000277    1.000000
R Means Squared
101.63963539460316
