
GC Util
22.631706577750833
3299
143.0
0.0
8.0
31.073366905348948
-79.65312142852545
0.0
heapSize
178.38261897544712
3299
268.75
100.0
178.12
46.84242732617925
numThreads
99.73476811154896
3299
100.0
12.5
100.0
4.810868724340719
GCInterval
99.96968778417703
3299
100
0
100.0
1.7410403735403914
Correlation
                Time   GC Util  heapSize  numThreads  GCInterval
Time        1.000000 -0.046640  0.483420    0.044061    0.089150
GC Util    -0.046640  1.000000 -0.159467   -0.029405    0.012684
heapSize    0.483420 -0.159467  1.000000    0.089340    0.029142
numThreads  0.044061 -0.029405  0.089340    1.000000   -0.000960
GCInterval  0.089150  0.012684  0.029142   -0.000960    1.000000
R Means Squared
35.593806573387916
