
GC Util
20.694838246848633
29273
144.0
0.0
16.0
15.575165530251097
-153.10915823793772
0.0
heapSize
510.4774303966112
29273
892.19
100.0
518.75
229.87961811832497
numThreads
99.50978717589588
29273
100.0
12.5
100.0
6.531061983565032
GCInterval
99.99658388275886
29273
100
0
100.0
0.5844755975354076
Correlation
                Time   GC Util  heapSize  numThreads  GCInterval
Time        1.000000 -0.297478  0.955343    0.018891    0.033077
GC Util    -0.297478  1.000000 -0.322091   -0.042435    0.007766
heapSize    0.955343 -0.322091  1.000000    0.013662    0.010437
numThreads  0.018891 -0.042435  0.013662    1.000000   -0.000439
GCInterval  0.033077  0.007766  0.010437   -0.000439    1.000000
R Means Squared
24.80457144550901
