
GC Util
56.05571712842492
6533
984.0
0.0
39.0
94.1171825311746
11.334322525302094
1.2334502648548995e-29
heapSize
177.4210041328639
6533
1042.97
100.0
100.0
141.97071568872195
numThreads
94.61579672432266
6533
100.0
12.5
100.0
21.0284528245963
GCInterval
96.59288994336447
6533
113.25
0.0
100.45
12.456294058484792
Correlation
                Time   GC Util  heapSize  numThreads  GCInterval
Time        1.000000  0.248762  0.806572   -0.277760   -0.367708
GC Util     0.248762  1.000000  0.234283   -0.075979   -0.363997
heapSize    0.806572  0.234283  1.000000   -0.237271   -0.367929
numThreads -0.277760 -0.075979 -0.237271    1.000000    0.171620
GCInterval -0.367708 -0.363997 -0.367929    0.171620    1.000000
R Means Squared
95.46975546144311
