
GC Util
20.93220011589724
5177
129.0
0.0
8.0
26.2765991026614
-80.31087108021383
0.0
heapSize
233.68205910759127
5177
385.94
100.0
240.62
73.82766754320862
numThreads
99.66196638980104
5177
100.0
12.5
100.0
5.428569474034465
GCInterval
99.98068379370292
5177
100
0
100.0
1.389827553946289
Correlation
                Time   GC Util  heapSize  numThreads  GCInterval
Time        1.000000 -0.498504  0.985607    0.091413    0.023732
GC Util    -0.498504  1.000000 -0.490790   -0.072690    0.011074
heapSize    0.985607 -0.490790  1.000000    0.097156    0.025171
numThreads  0.091413 -0.072690  0.097156    1.000000   -0.000866
GCInterval  0.023732  0.011074  0.025171   -0.000866    1.000000
R Means Squared
32.463938180845744
