
GC Util
36.53333333333333
705
121.0
0.0
32.0
20.601724699792992
-36.82316640527784
4.7599380933525604e-213
heapSize
114.89339007092198
705
131.25
100.0
114.06
9.81635659575171
numThreads
97.51773049645391
705
100.0
12.5
100.0
14.537423706553222
GCInterval
99.8581560283688
705
100
0
100.0
3.7662178857735467
Correlation
                Time   GC Util  heapSize  numThreads  GCInterval
Time        1.000000  0.354089  0.794678   -0.080818    0.105853
GC Util     0.354089  1.000000  0.275272   -0.020473    0.066882
heapSize    0.794678  0.275272  1.000000   -0.067144    0.057222
numThreads -0.080818 -0.020473 -0.067144    1.000000   -0.006440
GCInterval  0.105853  0.066882  0.057222   -0.006440    1.000000
R Means Squared
20.87694442466709
