
GC Util
37.74726989079563
641
126.0
0.0
34.0
17.98363221629901
-35.112119977618754
1.7493528766013357e-196
heapSize
120.0077379095164
641
142.19
100.0
118.75
13.353365120118646
numThreads
97.81591263650546
641
100.0
12.5
100.0
13.661206348355758
GCInterval
99.84399375975039
641
100
0
100.0
3.949762527666822
Correlation
                Time   GC Util  heapSize  numThreads  GCInterval
Time        1.000000  0.371536  0.774386   -0.026213    0.113874
GC Util     0.371536  1.000000  0.385974   -0.079047    0.083034
heapSize    0.774386  0.385974  1.000000   -0.009500    0.059273
numThreads -0.026213 -0.079047 -0.009500    1.000000   -0.006325
GCInterval  0.113874  0.083034  0.059273   -0.006325    1.000000
R Means Squared
18.110253428684263
