
GC Util
22.858284174833944
21529
1884.0
0.0
11.0
63.939049090214226
23.049009541176357
8.492454676060121e-117
heapSize
347.7500292628547
21529
438.28
100.0
395.31
107.9656608051547
numThreads
99.68298574016443
21529
100.0
12.5
100.0
5.2573314069684685
GCInterval
101.4002299224302
21529
107.25
0.0
102.45
6.070196167396765
Correlation
                Time   GC Util  heapSize  numThreads  GCInterval
Time        1.000000 -0.079325  0.669043   -0.000883    0.235293
GC Util    -0.079325  1.000000 -0.049749   -0.017545   -0.361773
heapSize    0.669043 -0.049749  1.000000   -0.001626    0.093220
numThreads -0.000883 -0.017545 -0.001626    1.000000    0.030887
GCInterval  0.235293 -0.361773  0.093220    0.030887    1.000000
R Means Squared
66.19554763876401
