
GC Util
66.34274902013786
7399
196.0
0.0
58.0
40.559550717822226
-183.18686190315208
0.0
heapSize
545.6366427895662
7399
998.44
100.0
545.31
260.71789264024295
numThreads
99.64522232734153
7399
100.0
12.5
100.0
5.560697643936101
GCInterval
99.9864846600892
7399
100
0
100.0
1.1625549411016565
Correlation
                Time   GC Util  heapSize  numThreads  GCInterval
Time        1.000000  0.778174  0.975848    0.058171    0.014306
GC Util     0.778174  1.000000  0.760873    0.040290    0.019018
heapSize    0.975848  0.760873  1.000000    0.066747    0.019874
numThreads  0.058171  0.040290  0.066747    1.000000   -0.000742
GCInterval  0.014306  0.019018  0.019874   -0.000742    1.000000
R Means Squared
48.36109223953023
