
GC Util
34.32124352331606
193
160.0
0.0
30.0
39.221598196813225
-4.467868682111641
1.0303739314165417e-05
heapSize
102.58984455958549
193
106.25
100.0
101.56
2.3371359958745304
numThreads
92.74611398963731
193
100.0
12.5
100.0
24.18941740736581
GCInterval
99.48186528497409
193
100
0
100.0
7.198157507486947
Correlation
                Time   GC Util  heapSize  numThreads  GCInterval
Time        1.000000  0.583614  0.993069   -0.121908    0.086151
GC Util     0.583614  1.000000  0.577645   -0.352028    0.063316
heapSize    0.993069  0.577645  1.000000   -0.144476    0.080180
numThreads -0.121908 -0.352028 -0.144476    1.000000   -0.021698
GCInterval  0.086151  0.063316  0.080180   -0.021698    1.000000
R Means Squared
39.529879824807594
