
GC Util
22.0649436713055
4527
145.0
0.0
8.0
28.65849057985523
-77.1996747721259
0.0
heapSize
208.16694057874972
4527
325.0
100.0
207.81
63.84044278843589
numThreads
99.3041749502982
4527
100.0
12.5
100.0
7.7726356264116205
GCInterval
99.97791031588248
4527
100
0
100.0
1.4862598735590329
Correlation
                Time   GC Util  heapSize  numThreads  GCInterval
Time        1.000000 -0.440555  0.993459    0.127917    0.025367
GC Util    -0.440555  1.000000 -0.435848   -0.104640    0.011446
heapSize    0.993459 -0.435848  1.000000    0.118841    0.025188
numThreads  0.127917 -0.104640  0.118841    1.000000   -0.001331
GCInterval  0.025367  0.011446  0.025188   -0.001331    1.000000
R Means Squared
33.80523484975639
