
GC Util
8.518429753259316
69263
1035.0
0.0
5.0
18.21349023966744
-49.44708860479476
0.0
heapSize
339.4362181828681
69263
496.09
100.0
353.12
89.76231561737089
numThreads
97.9736655934626
69263
100.0
12.5
100.0
13.160574838093094
GCInterval
106.30344411879358
69263
114.05
0.0
106.85
5.436819444559665
Correlation
                Time   GC Util  heapSize  numThreads  GCInterval
Time        1.000000 -0.142060  0.940339    0.089379    0.168997
GC Util    -0.142060  1.000000 -0.174892   -0.241777   -0.111799
heapSize    0.940339 -0.174892  1.000000    0.105779    0.206523
numThreads  0.089379 -0.241777  0.105779    1.000000    0.149577
GCInterval  0.168997 -0.111799  0.206523    0.149577    1.000000
R Means Squared
36.370533436662804
