
GC Util
115.91961482101738
4777
233.0
0.0
122.0
35.27038753738801
-2.7628113733362354
0.005741694874023614
heapSize
100.0
4777
100
100
100.0
0.0
numThreads
99.92673225873979
4777
100.0
12.5
100.0
2.5311855711989333
GCInterval
99.97906635963994
4777
100
0
100.0
1.4468462378586957
Correlation
                Time   GC Util  heapSize  numThreads  GCInterval
Time        1.000000  0.543943       NaN    0.035365    0.029357
GC Util     0.543943  1.000000       NaN    0.054521    0.047562
heapSize         NaN       NaN       NaN         NaN         NaN
numThreads  0.035365  0.054521       NaN    1.000000   -0.000419
GCInterval  0.029357  0.047562       NaN   -0.000419    1.000000
R Means Squared
83.71097739886613
