
GC Util
3.5871639202081527
1153
102.0
0.0
0.0
10.99066404741504
-2.3215562058528842
0.0203429499139953
heapSize
100.29495229835211
1153
103.12
100.0
100.0
0.7042567881040513
numThreads
99.8482220294883
1153
100.0
12.5
100.0
3.6426699198670964
GCInterval
103.16699913269731
1153
114.45
0.0
105.25
18.22144793290864
Correlation
                Time   GC Util  heapSize  numThreads  GCInterval
Time        1.000000 -0.086574  0.478922   -0.036042    0.366747
GC Util    -0.086574  1.000000 -0.001050   -0.031922   -0.115757
heapSize    0.478922 -0.001050  1.000000   -0.074910   -0.003494
numThreads -0.036042 -0.031922 -0.074910    1.000000   -0.004767
GCInterval  0.366747 -0.115757 -0.003494   -0.004767    1.000000
R Means Squared
38.03399219135617
