
GC Util
28.24964539007092
705
139.0
0.0
29.0
23.066851412948143
-39.82089147563043
1.6536652199395804e-238
heapSize
114.89339007092198
705
131.25
100.0
114.06
9.81635659575171
numThreads
95.0354609929078
705
100.0
12.5
100.0
20.256666743321016
GCInterval
99.8581560283688
705
100
0
100.0
3.7662178857735467
Correlation
                Time   GC Util  heapSize  numThreads  GCInterval
Time        1.000000  0.039642  0.795743   -0.112613    0.106475
GC Util     0.039642  1.000000 -0.074743   -0.201631    0.046190
heapSize    0.795743 -0.074743  1.000000   -0.072934    0.057222
numThreads -0.112613 -0.201631 -0.072934    1.000000   -0.009243
GCInterval  0.106475  0.046190  0.057222   -0.009243    1.000000
R Means Squared
25.872683368387808
