
GC Util
39.17316692667707
641
126.0
0.0
34.0
19.927516249175522
-34.2928873255195
1.0585470036230388e-189
heapSize
120.0077379095164
641
142.19
100.0
118.75
13.353365120118646
numThreads
99.45397815912636
641
100.0
12.5
100.0
6.895865196316719
GCInterval
99.84399375975039
641
100
0
100.0
3.9497625276668225
Correlation
                Time   GC Util  heapSize  numThreads  GCInterval
Time        1.000000  0.354979  0.748862    0.090291    0.109361
GC Util     0.354979  1.000000  0.393896   -0.001301    0.077765
heapSize    0.748862  0.393896  1.000000    0.084022    0.059273
numThreads  0.090291 -0.001301  0.084022    1.000000   -0.003132
GCInterval  0.109361  0.077765  0.059273   -0.003132    1.000000
R Means Squared
19.929125590498746
