
GC Util
60.4601662274478
4933
149.0
0.0
63.0
27.191420747350943
-146.06238397212516
0.0
heapSize
277.1301236570039
4933
465.62
100.0
278.12
104.36884350985626
numThreads
99.32596797080883
4933
100.0
12.5
100.0
7.650839787444953
GCInterval
99.97972836002432
4933
100
0
100.0
1.423785095289104
Correlation
                Time   GC Util  heapSize  numThreads  GCInterval
Time        1.000000  0.126260  0.991493   -0.008686    0.032808
GC Util     0.126260  1.000000  0.119913    0.038673    0.031664
heapSize    0.991493  0.119913  1.000000   -0.006254    0.024169
numThreads -0.008686  0.038673 -0.006254    1.000000   -0.001255
GCInterval  0.032808  0.031664  0.024169   -0.001255    1.000000
R Means Squared
34.027075707562496
