
GC Util
10.671832623014335
2581
757.0
0.0
4.0
33.31305027604729
1.5250451708828114
0.12731011847406204
heapSize
103.98302983339791
2581
132.81
100.0
100.0
7.48448501453711
numThreads
99.79659046881054
2581
100.0
12.5
100.0
4.214717200924587
GCInterval
123.65833010461063
2581
162.85
0.0
125.65
25.795098881742934
Correlation
                Time   GC Util  heapSize  numThreads  GCInterval
Time        1.000000  0.084243  0.425679    0.063022    0.143752
GC Util     0.084243  1.000000  0.067944   -0.049752   -0.237293
heapSize    0.425679  0.067944  1.000000    0.012254   -0.078653
numThreads  0.063022 -0.049752  0.012254    1.000000    0.083992
GCInterval  0.143752 -0.237293 -0.078653    0.083992    1.000000
R Means Squared
44.378719537320826
