
GC Util
9.525150336045277
70675
626.0
0.0
5.0
16.88793971826152
-45.339756061219376
0.0
heapSize
338.3637574814291
70675
479.69
100.0
357.03
87.90206488798157
numThreads
99.74991156703219
70675
100.0
12.5
100.0
4.671242062306876
GCInterval
105.6556752741422
70675
113.65
0.0
106.45
7.057358426375797
Correlation
                Time   GC Util  heapSize  numThreads  GCInterval
Time        1.000000 -0.038279  0.189860    0.009854    0.037859
GC Util    -0.038279  1.000000 -0.181678   -0.072600   -0.051671
heapSize    0.189860 -0.181678  1.000000    0.040181    0.179599
numThreads  0.009854 -0.072600  0.040181    1.000000    0.011580
GCInterval  0.037859 -0.051671  0.179599    0.011580    1.000000
R Means Squared
34.841282045292246
