
GC Util
55.816579181935225
30291
164.0
0.0
55.0
30.18901439420621
-170.62594448323603
0.0
heapSize
291.832395100855
30291
482.03
100.0
292.19
107.06762818410525
numThreads
99.02941467762702
30291
100.0
12.5
100.0
9.164439563323716
GCInterval
99.99669868937968
30291
100
0
100.0
0.5745703281858769
Correlation
                Time   GC Util  heapSize  numThreads  GCInterval
Time        1.000000 -0.129599  0.995519   -0.001939    0.012273
GC Util    -0.129599  1.000000 -0.130785    0.025669    0.010624
heapSize    0.995519 -0.130785  1.000000   -0.001585    0.010295
numThreads -0.001939  0.025669 -0.001585    1.000000   -0.000609
GCInterval  0.012273  0.010624  0.010295   -0.000609    1.000000
R Means Squared
34.08094305825261
