
GC Util
50.93771438887886
5539
166.0
0.0
48.0
28.016664002033618
-37.206015178860056
7.556216907455831e-292
heapSize
179.0474489980141
5539
248.44
100.0
179.69
40.80773326018364
numThreads
97.85159776132876
5539
100.0
12.5
100.0
13.542624371122287
GCInterval
99.98194619967504
5539
100
0
100.0
1.3436443102610298
Correlation
                Time   GC Util  heapSize  numThreads  GCInterval
Time        1.000000  0.130133  0.981460   -0.005308    0.030293
GC Util     0.130133  1.000000  0.123662    0.029213    0.024434
heapSize    0.981460  0.123662  1.000000   -0.004812    0.026032
numThreads -0.005308  0.029213 -0.004812    1.000000   -0.002132
GCInterval  0.030293  0.024434  0.026032   -0.002132    1.000000
R Means Squared
30.073665349199725
