
GC Util
68.65320290312401
3169
4182.0
0.0
31.0
183.35562008991602
8.230229833350236
2.2744888960840696e-16
heapSize
192.2522309876933
3169
486.72
100.0
137.5
117.06915908369201
numThreads
99.17166298516882
3169
100.0
12.5
100.0
8.474432643475868
GCInterval
83.15694225307668
3169
159.25
0.0
100.45
42.8901153608401
Correlation
                Time   GC Util  heapSize  numThreads  GCInterval
Time        1.000000  0.222110  0.879271    0.028273   -0.538612
GC Util     0.222110  1.000000  0.283434    0.016275   -0.295852
heapSize    0.879271  0.283434  1.000000    0.018629   -0.691327
numThreads  0.028273  0.016275  0.018629    1.000000    0.000457
GCInterval -0.538612 -0.295852 -0.691327    0.000457    1.000000
R Means Squared
185.55236634534864
