
GC Util
32.18559656037262
8373
3360.0
0.0
10.0
106.81270674362581
13.160619489788164
2.354364187633866e-39
heapSize
260.1762020781082
8373
451.56
100.0
240.62
133.82901838217097
numThreads
99.70739281022334
8373
100.0
12.5
100.0
5.0517876139676785
GCInterval
101.30349337155143
8373
128.45
0.0
108.45
25.590874502020736
Correlation
                Time   GC Util  heapSize  numThreads  GCInterval
Time        1.000000 -0.008862  0.876136    0.048544    0.054282
GC Util    -0.008862  1.000000  0.061752   -0.005671   -0.344897
heapSize    0.876136  0.061752  1.000000    0.032738   -0.131830
numThreads  0.048544 -0.005671  0.032738    1.000000    0.023016
GCInterval  0.054282 -0.344897 -0.131830    0.023016    1.000000
R Means Squared
107.09181404019712
