
GC Util
51.491580662683326
5523
147.0
0.0
47.0
28.875923727487667
-36.65694375929395
1.1819654509443994e-283
heapSize
179.0082310338584
5523
248.44
100.0
179.69
40.750935726991024
numThreads
98.00380228136882
5523
100.0
12.5
100.0
13.065733985930782
GCInterval
99.98189389824371
5523
100
0
100.0
1.3455891555854587
Correlation
                Time   GC Util  heapSize  numThreads  GCInterval
Time        1.000000  0.227545  0.991211    0.035776    0.024291
GC Util     0.227545  1.000000  0.226820    0.001005    0.023999
heapSize    0.991211  0.226820  1.000000    0.035864    0.026093
numThreads  0.035776  0.001005  0.035864    1.000000   -0.002056
GCInterval  0.024291  0.023999  0.026093   -0.002056    1.000000
R Means Squared
31.076106981590684
