
GC Util
10.948701709943002
1579
93.0
0.0
7.0
14.16047008679093
3.8129826673239546
0.00013997020586148653
heapSize
100.35171627612412
1579
101.56
100.0
100.0
0.6521060980003508
numThreads
99.3350221659278
1579
100.0
12.5
100.0
7.601312894163151
GCInterval
103.63879037365423
1579
113.25
0.0
105.65
15.585265834973004
Correlation
                Time   GC Util  heapSize  numThreads  GCInterval
Time        1.000000 -0.249796  0.178139    0.073495    0.411091
GC Util    -0.249796  1.000000 -0.000186   -0.011650   -0.067898
heapSize    0.178139 -0.000186  1.000000   -0.022590    0.086220
numThreads  0.073495 -0.011650 -0.022590    1.000000    0.022591
GCInterval  0.411091 -0.067898  0.086220    0.022591    1.000000
R Means Squared
32.31671168819917
