
GC Util
45.804339550818426
2627
154.0
0.0
31.0
27.002351245463174
-122.60247382851833
0.0
heapSize
192.6454815378759
2627
289.84
100.0
193.75
55.500516568086034
numThreads
99.86676817662733
2627
100.0
12.5
100.0
3.4123989269041313
GCInterval
99.96193376475067
2627
100
0
100.0
1.951057027596421
Correlation
                Time   GC Util  heapSize  numThreads  GCInterval
Time        1.000000  0.260358  0.989341    0.025489    0.030607
GC Util     0.260358  1.000000  0.273194    0.002610    0.033109
heapSize    0.989341  0.273194  1.000000    0.024790    0.032581
numThreads  0.025489  0.002610  0.024790    1.000000   -0.000762
GCInterval  0.030607  0.033109  0.032581   -0.000762    1.000000
R Means Squared
27.614122821770668
