
GC Util
2.5478816018572257
1723
102.0
0.0
0.0
8.771747481098199
-2.9609648627305662
0.003087380606150076
heapSize
100.46367962855484
1723
103.91
100.0
100.0
0.9834899197620174
numThreads
99.8984329657574
1723
100.0
12.5
100.0
2.980260822426587
GCInterval
112.7227219965177
1723
128.45
0.0
114.45
15.955415759665561
Correlation
                Time   GC Util  heapSize  numThreads  GCInterval
Time        1.000000 -0.170062  0.758566    0.037429    0.202915
GC Util    -0.170062  1.000000  0.014131   -0.172805   -0.200958
heapSize    0.758566  0.014131  1.000000    0.016077    0.056689
numThreads  0.037429 -0.172805  0.016077    1.000000    0.134371
GCInterval  0.202915 -0.200958  0.056689    0.134371    1.000000
R Means Squared
38.46504997586727
