
GC Util
11.45095619987662
1621
97.0
0.0
7.0
14.69226198911258
4.731772862577284
2.3238122281590973e-06
heapSize
100.17900061690312
1621
101.56
100.0
100.0
0.49734528644618436
numThreads
99.89204194941394
1621
100.0
12.5
100.0
3.0725393990530034
GCInterval
121.31088834053054
1621
157.25
0.0
122.85
24.40393202633884
Correlation
                Time   GC Util  heapSize  numThreads  GCInterval
Time        1.000000 -0.259293  0.036137    0.059603    0.452184
GC Util    -0.259293  1.000000 -0.034775   -0.077889   -0.160021
heapSize    0.036137 -0.034775  1.000000    0.012654    0.076886
numThreads  0.059603 -0.077889  0.012654    1.000000    0.102952
GCInterval  0.452184 -0.160021  0.076886    0.102952    1.000000
R Means Squared
32.10572064234378
