
GC Util
19.14808763213178
29989
144.0
0.0
16.0
12.702660658144623
-158.02077727867095
0.0
heapSize
507.4765867484744
29989
892.19
100.0
512.5
228.43201208204493
numThreads
99.76074560672247
29989
100.0
12.5
100.0
4.569268315910644
GCInterval
99.99666544399614
29989
100
0
100.0
0.5774561458559503
Correlation
                Time   GC Util  heapSize  numThreads  GCInterval
Time        1.000000 -0.294087  0.989616    0.044188    0.012209
GC Util    -0.294087  1.000000 -0.312162   -0.044131    0.008705
heapSize    0.989616 -0.312162  1.000000    0.048294    0.010301
numThreads  0.044188 -0.044131  0.048294    1.000000   -0.000302
GCInterval  0.012209  0.008705  0.010301   -0.000302    1.000000
R Means Squared
24.416274421665953
