
GC Util
36.92227979274612
193
149.0
0.0
34.0
33.85983933475578
-4.093751475258024
5.139585564567993e-05
heapSize
102.58984455958549
193
106.25
100.0
101.56
2.3371359958745304
numThreads
98.18652849740933
193
100.0
12.5
100.0
12.497975872385725
GCInterval
99.48186528497409
193
100
0
100.0
7.198157507486946
Correlation
                Time   GC Util  heapSize  numThreads  GCInterval
Time        1.000000  0.572597  0.794104    0.034642    0.143834
GC Util     0.572597  1.000000  0.551947    0.049203    0.078901
heapSize    0.794104  0.551947  1.000000    0.112950    0.080180
numThreads  0.034642  0.049203  0.112950    1.000000   -0.010499
GCInterval  0.143834  0.078901  0.080180   -0.010499    1.000000
R Means Squared
33.911955493433304
