
GC Util
2.2674220963172806
1765
108.0
0.0
0.0
7.438172091645298
-3.786835764726185
0.00015510939343709902
heapSize
100.31111614730878
1765
101.56
100.0
100.0
0.6235127889252982
numThreads
100.0
1765
100.0
100.0
100.0
0.0
GCInterval
109.27169971671387
1765
122.05
0.0
111.25
16.354611537358412
Correlation
                Time   GC Util  heapSize  numThreads  GCInterval
Time        1.000000 -0.194842  0.784025         NaN    0.202624
GC Util    -0.194842  1.000000 -0.011085         NaN   -0.233190
heapSize    0.784025 -0.011085  1.000000         NaN    0.069758
numThreads       NaN       NaN       NaN         NaN         NaN
GCInterval  0.202624 -0.233190  0.069758         NaN    1.000000
R Means Squared
38.458321504166655
