
GC Util
19.11601766358892
2491
112.0
0.0
8.0
25.864673081493596
-72.64131854154678
0.0
heapSize
187.7847771979125
2491
289.84
100.0
186.72
52.82649119702439
numThreads
99.92974708952228
2491
100.0
12.5
100.0
2.4788426614100914
GCInterval
99.95985547972701
2491
100
0
100.0
2.003609749252152
Correlation
                Time   GC Util  heapSize  numThreads  GCInterval
Time        1.000000 -0.290485  0.990053    0.047449    0.041601
GC Util    -0.290485  1.000000 -0.307228   -0.027277    0.014814
heapSize    0.990053 -0.307228  1.000000    0.044598    0.033308
numThreads  0.047449 -0.027277  0.044598    1.000000   -0.000568
GCInterval  0.041601  0.014814  0.033308   -0.000568    1.000000
R Means Squared
33.23933622232856
