
GC Util
23.706053739074132
3089
146.0
0.0
21.0
30.093254761204523
-153.30820763604234
0.0
heapSize
173.0414244091939
3089
248.44
100.0
173.44
43.52046236659861
numThreads
78.86856587892522
3089
100.0
12.5
100.0
37.455535546201105
GCInterval
99.96762706377469
3089
100
0
100.0
1.7992480714263843
Correlation
                Time   GC Util  heapSize  numThreads  GCInterval
Time        1.000000  0.107341  0.991200   -0.122220    0.028529
GC Util     0.107341  1.000000  0.102515    0.024855    0.014178
heapSize    0.991200  0.102515  1.000000   -0.128717    0.030207
numThreads -0.122220  0.024855 -0.128717    1.000000   -0.010154
GCInterval  0.028529  0.014178  0.030207   -0.010154    1.000000
R Means Squared
34.21700595138494
