
GC Util
35.11050847457627
1475
130.0
0.0
17.0
30.852836967241227
-116.34077955277526
0.0
heapSize
150.60592542372882
1475
210.16
100.0
151.56
31.311511245983077
numThreads
99.16949152542372
1475
100.0
12.5
100.0
8.486965307738998
GCInterval
99.9322033898305
1475
100
0
100.0
2.6037782196164785
Correlation
                Time   GC Util  heapSize  numThreads  GCInterval
Time        1.000000  0.212734  0.974110    0.015774    0.031912
GC Util     0.212734  1.000000  0.239915   -0.024587    0.029651
heapSize    0.974110  0.239915  1.000000    0.006434    0.042111
numThreads  0.015774 -0.024587  0.006434    1.000000   -0.002550
GCInterval  0.031912  0.029651  0.042111   -0.002550    1.000000
R Means Squared
31.227541082094476
