
GC Util
5.68551724137931
5075
4007.0
0.0
0.0
81.55365616791804
0.9110290320027473
0.36230329234398284
heapSize
124.67586206896551
5075
144.53
100.0
128.12
12.433404408763124
numThreads
99.13793103448276
5075
100.0
12.5
100.0
8.643066082350353
GCInterval
106.20091625615761
5075
114.45
0.0
107.65
10.794461439137143
Correlation
                Time   GC Util  heapSize  numThreads  GCInterval
Time        1.000000 -0.075128  0.672835    0.086108    0.228844
GC Util    -0.075128  1.000000 -0.078773   -0.054012   -0.122916
heapSize    0.672835 -0.078773  1.000000    0.000660    0.224262
numThreads  0.086108 -0.054012  0.000660    1.000000    0.070598
GCInterval  0.228844 -0.122916  0.224262    0.070598    1.000000
R Means Squared
88.47130619418046
