
GC Util
49.03790087463557
343
144.0
0.0
34.0
39.15669926507053
-16.399073034678967
8.519388413114454e-52
heapSize
103.1789504373178
343
107.81
100.0
103.12
2.4760319026451323
numThreads
98.9795918367347
343
100.0
12.5
100.0
9.407577066687475
GCInterval
99.70845481049562
343
100
0
100.0
5.399492471560389
Correlation
                Time   GC Util  heapSize  numThreads  GCInterval
Time        1.000000  0.542551  0.873148    0.021193    0.120866
GC Util     0.542551  1.000000  0.479376    0.072338    0.067818
heapSize    0.873148  0.479376  1.000000    0.002370    0.069526
numThreads  0.021193  0.072338  0.002370    1.000000   -0.005874
GCInterval  0.120866  0.067818  0.069526   -0.005874    1.000000
R Means Squared
40.1305449925542
