
GC Util
65.51276730127222
11083
154.0
0.0
67.0
25.792151146572273
-282.94403801446936
0.0
heapSize
368.20467202021115
11083
643.75
100.0
368.75
156.2381788822226
numThreads
98.92628349724804
11083
100.0
12.5
100.0
9.633571537131106
GCInterval
99.99097717224578
11083
100
0
100.0
0.9498856643943087
Correlation
                Time   GC Util  heapSize  numThreads  GCInterval
Time        1.000000  0.105205  0.996144    0.009702    0.018164
GC Util     0.105205  1.000000  0.102094    0.062402    0.024130
heapSize    0.996144  0.102094  1.000000    0.009693    0.016308
numThreads  0.009702  0.062402  0.009693    1.000000   -0.001059
GCInterval  0.018164  0.024130  0.016308   -0.001059    1.000000
R Means Squared
36.27776637449997
