
GC Util
12.762562332182585
2607
811.0
0.0
5.0
46.43558997308791
3.28259013759028
0.0010355035153132154
heapSize
103.5185116992712
2607
128.12
100.0
100.0
6.3563018754920835
numThreads
99.73149213655543
2607
100.0
12.5
100.0
4.8405918471181915
GCInterval
106.79027617951668
2607
122.05
0.0
108.45
15.97083760721751
Correlation
                Time   GC Util  heapSize  numThreads  GCInterval
Time        1.000000  0.087153  0.454651   -0.042085    0.166355
GC Util     0.087153  1.000000  0.072632   -0.050773   -0.190384
heapSize    0.454651  0.072632  1.000000   -0.037487   -0.042822
numThreads -0.042085 -0.050773 -0.037487    1.000000    0.024809
GCInterval  0.166355 -0.190384 -0.042822    0.024809    1.000000
R Means Squared
53.826711968738664
