
GC Util
23.471966672452698
5761
136.0
0.0
17.0
17.773887108745928
-135.01462434636977
0.0
heapSize
307.3988821385176
5761
517.19
100.0
306.25
121.79128167176077
numThreads
99.57472660996355
5761
100.0
12.5
100.0
6.085802583826344
GCInterval
99.9826419024475
5761
100
0
100.0
1.3175013302652965
Correlation
                Time   GC Util  heapSize  numThreads  GCInterval
Time        1.000000 -0.337168  0.962333    0.057457    0.034689
GC Util    -0.337168  1.000000 -0.382225   -0.070048    0.017402
heapSize    0.962333 -0.382225  1.000000    0.066084    0.022440
numThreads  0.057457 -0.070048  0.066084    1.000000   -0.000921
GCInterval  0.034689  0.017402  0.022440   -0.000921    1.000000
R Means Squared
24.26998377585927
