
GC Util
40.73035439137134
649
135.0
0.0
28.0
29.418117475987533
-36.822253665085924
2.0645564367269492e-216
heapSize
120.31001540832051
649
144.53
100.0
121.09
13.544128887255061
numThreads
99.73035439137134
649
100.0
12.5
100.0
4.85361517587123
GCInterval
99.84591679506934
649
100
0
100.0
3.9253433598942986
Correlation
                Time   GC Util  heapSize  numThreads  GCInterval
Time        1.000000  0.376408  0.959223    0.028176    0.089994
GC Util     0.376408  1.000000  0.340481   -0.008076    0.054432
heapSize    0.959223  0.340481  1.000000    0.035289    0.058953
numThreads  0.028176 -0.008076  0.035289    1.000000   -0.002184
GCInterval  0.089994  0.054432  0.058953   -0.002184    1.000000
R Means Squared
29.404516282571603
