
GC Util
62.566473988439306
519
135.0
0.0
53.0
36.489736660582864
-2.951580198839475
0.003221025179753015
heapSize
110.38643545279383
519
123.44
100.0
110.94
7.166932283101001
numThreads
98.65125240847784
519
100.0
12.5
100.0
10.789838338122024
GCInterval
99.8073217726397
519
100
0
100.0
4.389512813061469
Correlation
                Time   GC Util  heapSize  numThreads  GCInterval
Time        1.000000  0.573806  0.864309    0.019004    0.121786
GC Util     0.573806  1.000000  0.404384    0.055145    0.075409
heapSize    0.864309  0.404384  1.000000    0.031306    0.063736
numThreads  0.019004  0.055145  0.031306    1.000000   -0.005498
GCInterval  0.121786  0.075409  0.063736   -0.005498    1.000000
R Means Squared
42.874014478862584
