
GC Util
35.347150259067355
193
122.0
0.0
32.0
31.156505217330025
-4.537261335334184
7.551452139817022e-06
heapSize
106.4762694300518
193
115.62
100.0
103.91
5.840432576190686
numThreads
99.09326424870466
193
100.0
12.5
100.0
8.884039188905982
GCInterval
99.48186528497409
193
100
0
100.0
7.198157507486946
Correlation
                Time   GC Util  heapSize  numThreads  GCInterval
Time        1.000000  0.576357  0.993775    0.094219    0.084665
GC Util     0.576357  1.000000  0.568896    0.014315    0.082089
heapSize    0.993775  0.568896  1.000000    0.113764    0.080234
numThreads  0.094219  0.014315  0.113764    1.000000   -0.007385
GCInterval  0.084665  0.082089  0.080234   -0.007385    1.000000
R Means Squared
31.42208061632882
