
GC Util
52.08551651625339
11413
179.0
0.0
49.0
29.818801623109497
-257.02547708004056
0.0
heapSize
376.250475773241
11413
656.25
100.0
376.56
160.8714324657703
numThreads
96.9486550424954
11413
100.0
12.5
100.0
16.05317905107554
GCInterval
99.99123806185928
11413
100
0
100.0
0.936052249648315
Correlation
                Time   GC Util  heapSize  numThreads  GCInterval
Time        1.000000  0.491369  0.978233   -0.020890    0.011860
GC Util     0.491369  1.000000  0.473381   -0.018259    0.016352
heapSize    0.978233  0.473381  1.000000   -0.033352    0.016075
numThreads -0.020890 -0.018259 -0.033352    1.000000   -0.001779
GCInterval  0.011860  0.016352  0.016075   -0.001779    1.000000
R Means Squared
32.173634111991646
