
GC Util
27.79381443298969
97
105.0
0.0
32.0
26.916513729311347
-6.386182050952704
1.100826502347471e-09
heapSize
100.51463917525773
97
101.56
100.0
100.0
0.737283954027199
numThreads
98.19587628865979
97
100.0
12.5
100.0
12.498657573963804
GCInterval
98.96907216494846
97
100
0
100.0
10.15346165133619
Correlation
                Time   GC Util  heapSize  numThreads  GCInterval
Time        1.000000  0.746917  0.520075   -0.100182    0.141332
GC Util     0.746917  1.000000  0.377157   -0.093233    0.105936
heapSize    0.520075  0.377157  1.000000   -0.206793    0.071611
numThreads -0.100182 -0.093233 -0.206793    1.000000   -0.014809
GCInterval  0.141332  0.105936  0.071611   -0.014809    1.000000
R Means Squared
29.42822826057833
