
GC Util
32.89029003783102
793
117.0
0.0
31.0
18.236017724993495
-10.326897600489918
2.9940849877844246e-24
heapSize
116.03059268600254
793
131.25
100.0
117.19
9.90440464339977
numThreads
95.58638083228247
793
100.0
12.5
100.0
19.161802179568735
GCInterval
99.87389659520807
793
100
0
100.0
3.5511041211421754
Correlation
                Time   GC Util  heapSize  numThreads  GCInterval
Time        1.000000  0.141543  0.804236   -0.098441    0.106706
GC Util     0.141543  1.000000  0.041139    0.047935    0.064128
heapSize    0.804236  0.041139  1.000000   -0.148825    0.057548
numThreads -0.098441  0.047935 -0.148825    1.000000   -0.008190
GCInterval  0.106706  0.064128  0.057548   -0.008190    1.000000
R Means Squared
19.562232960116706
