
GC Util
33.02823345608749
8961
1638.0
0.0
10.0
98.76006721793043
14.939168815480631
3.8485380492279916e-50
heapSize
251.9500836960161
8961
452.34
100.0
200.0
136.76076684429265
numThreads
99.78518022542127
8961
100.0
12.5
100.0
4.3304359409943185
GCInterval
103.29708179890636
8961
142.05
0.0
112.05
32.3648740045305
Correlation
                Time   GC Util  heapSize  numThreads  GCInterval
Time        1.000000 -0.033433  0.870992    0.039094    0.100068
GC Util    -0.033433  1.000000  0.018315   -0.001584   -0.356960
heapSize    0.870992  0.018315  1.000000    0.036959   -0.042808
numThreads  0.039094 -0.001584  0.036959    1.000000    0.018356
GCInterval  0.100068 -0.356960 -0.042808    0.018356    1.000000
R Means Squared
99.0003432376123
