
GC Util
24.392857142857142
1568
432.0
0.0
12.0
33.59788868074073
-0.11054346758002775
0.9119834749807398
heapSize
97.45514668367346
1568
144.53
71.09
100.0
19.902661605176682
numThreads
100.0
1568
100
100
100.0
0.0
GCInterval
105.61224489795919
1568
200.0
25.0
100.0
43.149849794261904
Correlation
                Time   GC Util  heapSize  numThreads  GCInterval
Time        1.000000  0.180094  0.149460         NaN    0.595366
GC Util     0.180094  1.000000 -0.037879         NaN    0.065983
heapSize    0.149460 -0.037879  1.000000         NaN    0.142658
numThreads       NaN       NaN       NaN         NaN         NaN
GCInterval  0.595366  0.065983  0.142658         NaN    1.000000
R Means Squared
36.541107687375984
