
GC Util
39.320247933884296
484
237.0
0.0
32.0
37.361403273924104
-28.025462660727463
9.470839346154562e-136
heapSize
100.02256198347106
484
100.78
100.0
100.0
0.13086132198281047
numThreads
30.06198347107438
484
100.0
12.5
25.0
21.346890449793914
GCInterval
100.0
484
100
100
100.0
0.0
Correlation
                Time   GC Util  heapSize  numThreads  GCInterval
Time        1.000000  0.147929  0.031654   -0.673743         NaN
GC Util     0.147929  1.000000 -0.061596   -0.232135         NaN
heapSize    0.031654 -0.061596  1.000000   -0.062647         NaN
numThreads -0.673743 -0.232135 -0.062647    1.000000         NaN
GCInterval       NaN       NaN       NaN         NaN         NaN
R Means Squared
47.462272968873926
