
GC Util
8.752403846153847
832
102.0
0.0
5.5
11.686179068377317
-0.40725992121945
0.6838540940042273
heapSize
97.97153846153847
832
101.56
74.22
100.0
7.333489739397271
numThreads
62.57512019230769
832
100.0
12.5
62.5
28.225210735165497
GCInterval
93.10697115384616
832
135.0
10.0
100.0
23.915552381007167
Correlation
                Time   GC Util  heapSize  numThreads  GCInterval
Time        1.000000 -0.235095 -0.041195   -0.013413   -0.306032
GC Util    -0.235095  1.000000 -0.078771   -0.096897    0.107277
heapSize   -0.041195 -0.078771  1.000000   -0.147422   -0.021768
numThreads -0.013413 -0.096897 -0.147422    1.000000   -0.076223
GCInterval -0.306032  0.107277 -0.021768   -0.076223    1.000000
R Means Squared
11.745600649408468
