
GC Util
9.394074074074075
1350
423.0
0.0
4.0
20.177499093687363
-0.2730834719575474
0.7848037135300827
heapSize
99.14113333333336
1350
125.0
74.22
100.0
6.539719786775869
numThreads
69.82407407407408
1350
100.0
12.5
75.0
28.64773483778855
GCInterval
38.12222222222222
1350
100.0
10.0
30.0
28.571951926090296
Correlation
                Time   GC Util  heapSize  numThreads  GCInterval
Time        1.000000  0.185256 -0.096226    0.199351   -0.887565
GC Util     0.185256  1.000000 -0.001894   -0.067691   -0.165660
heapSize   -0.096226 -0.001894  1.000000    0.092844    0.091269
numThreads  0.199351 -0.067691  0.092844    1.000000   -0.204389
GCInterval -0.887565 -0.165660  0.091269   -0.204389    1.000000
R Means Squared
20.17912379259905
