
GC Util
3.6968085106382977
564
153.0
0.0
0.0
12.460606077887043
-1.5848941900779197
0.11317271848608192
heapSize
100.02212765957447
564
101.56
100.0
100.0
0.1661509019464034
numThreads
54.233156028368796
564
100.0
12.5
50.0
31.06994029639891
GCInterval
58.484042553191486
564
100.0
10.0
65.0
31.016779289331254
Correlation
                Time   GC Util  heapSize  numThreads  GCInterval
Time        1.000000 -0.062681  0.242660    0.426906   -0.885590
GC Util    -0.062681  1.000000  0.016630   -0.047547    0.053682
heapSize    0.242660  0.016630  1.000000    0.112656   -0.207204
numThreads  0.426906 -0.047547  0.112656    1.000000   -0.339721
GCInterval -0.885590  0.053682 -0.207204   -0.339721    1.000000
R Means Squared
13.954269282397906
