
GC Util
6.831325301204819
332
78.0
0.0
2.0
12.127539036099087
-0.901017835611299
0.3678057611335561
heapSize
100.10807228915664
332
101.56
100.0
100.0
0.39672056823411767
numThreads
45.256024096385545
332
100.0
12.5
37.5
32.95163708469355
GCInterval
89.83433734939759
332
100.0
40.0
95.0
12.661749681526405
Correlation
                Time   GC Util  heapSize  numThreads  GCInterval
Time        1.000000 -0.043404  0.198387   -0.521446   -0.604310
GC Util    -0.043404  1.000000  0.043963    0.006969    0.029821
heapSize    0.198387  0.043963  1.000000   -0.032768   -0.151236
numThreads -0.521446  0.006969 -0.032768    1.000000    0.275533
GCInterval -0.604310  0.029821 -0.151236    0.275533    1.000000
R Means Squared
12.516976423848561
