
GC Util
10.643326039387308
1371
812.0
0.0
5.0
33.662782264769795
1.3736446734312715
0.1696316457506312
heapSize
97.10025528811087
1371
124.22
74.22
100.0
9.781555472062127
numThreads
73.94237782640408
1371
100.0
12.5
87.5
29.464861515419287
GCInterval
100.0
1371
100
100
100.0
0.0
Correlation
                Time   GC Util  heapSize  numThreads  GCInterval
Time        1.000000  0.135147 -0.222867    0.119108         NaN
GC Util     0.135147  1.000000 -0.129586   -0.094218         NaN
heapSize   -0.222867 -0.129586  1.000000    0.069432         NaN
numThreads  0.119108 -0.094218  0.069432    1.000000         NaN
GCInterval       NaN       NaN       NaN         NaN         NaN
R Means Squared
33.656652250338546
