
GC Util
37.30783242258652
549
398.0
0.0
28.0
46.665547403342636
-6.1216201310291005
1.2089971293595398e-09
heapSize
100.31825136612022
549
102.34
100.0
100.0
0.49713177568246836
numThreads
31.693989071038253
549
100.0
12.5
25.0
20.322989129566157
GCInterval
100.0
549
100
100
100.0
0.0
Correlation
                Time   GC Util  heapSize  numThreads  GCInterval
Time        1.000000  0.060717  0.244046   -0.578254         NaN
GC Util     0.060717  1.000000  0.148971   -0.115148         NaN
heapSize    0.244046  0.148971  1.000000   -0.197158         NaN
numThreads -0.578254 -0.115148 -0.197158    1.000000         NaN
GCInterval       NaN       NaN       NaN         NaN         NaN
R Means Squared
54.03169817814883
