
GC Util
20.968503937007874
1524
245.0
0.0
10.0
30.478526375988977
-2.8333284473322378
0.004628015207416289
heapSize
104.06998687664043
1524
164.06
70.31
100.0
18.64594029349517
numThreads
25.853018372703414
1524
100.0
12.5
25.0
20.74041601030911
GCInterval
90.35761154855643
1524
200.0
30.0
90.0
30.89579739365291
Correlation
                Time   GC Util  heapSize  numThreads  GCInterval
Time        1.000000  0.172423  0.245933   -0.542833    0.259402
GC Util     0.172423  1.000000  0.039863   -0.145803    0.065975
heapSize    0.245933  0.039863  1.000000   -0.118007    0.042175
numThreads -0.542833 -0.145803 -0.118007    1.000000   -0.113510
GCInterval  0.259402  0.065975  0.042175   -0.113510    1.000000
R Means Squared
32.382697658032576
