
GC Util
10.474588938714499
1338
926.0
0.0
4.0
30.26739022467336
1.2454961475588497
0.21302554093403409
heapSize
100.08788490284006
1338
129.69
74.22
100.0
7.228482923885812
numThreads
100.0
1338
100
100
100.0
0.0
GCInterval
34.652466367713004
1338
100.0
10.0
25.0
29.547363153167336
Correlation
                Time   GC Util  heapSize  numThreads  GCInterval
Time        1.000000  0.131284  0.056760         NaN   -0.721436
GC Util     0.131284  1.000000 -0.076783         NaN   -0.039311
heapSize    0.056760 -0.076783  1.000000         NaN   -0.000120
numThreads       NaN       NaN       NaN         NaN         NaN
GCInterval -0.721436 -0.039311 -0.000120         NaN    1.000000
R Means Squared
30.25979933681542
