
GC Util
2.5226480836236935
861
105.0
0.0
0.0
9.474249578331914
-2.0814411497216776
0.03748914292375619
heapSize
100.08707317073171
861
104.69
100.0
100.0
0.5310614911952438
numThreads
99.82578397212544
861
100.0
25.0
100.0
3.6126180025498758
GCInterval
11.661672473867597
861
100.0
0.0
10.0
12.63787773762694
Correlation
                Time   GC Util  heapSize  numThreads  GCInterval
Time        1.000000 -0.100918  0.250065    0.048577   -0.143493
GC Util    -0.100918  1.000000  0.011834   -0.089064   -0.066460
heapSize    0.250065  0.011834  1.000000    0.007916   -0.021583
numThreads  0.048577 -0.089064  0.007916    1.000000    0.025354
GCInterval -0.143493 -0.066460 -0.021583    0.025354    1.000000
R Means Squared
12.065154132909827
