
GC Util
32.45259958932238
60875
6125.0
0.0
27.0
56.90400664227373
54.48705797788846
0.0
heapSize
749.2107014373719
60875
24946.09
100.0
103.12
3940.8914795143382
numThreads
97.42258726899384
60875
100.0
25.0
100.0
13.66257533632886
GCInterval
11.267650924024645
60875
200.0
0.0
10.0
14.801999125907683
Correlation
                Time   GC Util  heapSize  numThreads  GCInterval
Time        1.000000  0.056969 -0.109328    0.003473   -0.035493
GC Util     0.056969  1.000000 -0.052255    0.032079    0.024347
heapSize   -0.109328 -0.052255  1.000000   -0.011882   -0.002314
numThreads  0.003473  0.032079 -0.011882    1.000000   -0.009989
GCInterval -0.035493  0.024347 -0.002314   -0.009989    1.000000
R Means Squared
61.172967953284335
