
GC Util
16.45490361615309
7107
191.0
0.0
12.0
16.25844211898423
23.622378650723235
4.2615392722463366e-121
heapSize
119.52147178837765
7107
144.53
100.0
122.66
12.21513981264349
numThreads
98.44871253693542
7107
100.0
25.0
100.0
10.675022308331823
GCInterval
11.344041086252991
7107
200.0
0.0
10.0
11.513101423257446
Correlation
                Time   GC Util  heapSize  numThreads  GCInterval
Time        1.000000  0.088159  0.179877   -0.034297   -0.024871
GC Util     0.088159  1.000000 -0.351267   -0.031508   -0.002737
heapSize    0.179877 -0.351267  1.000000    0.049924   -0.073966
numThreads -0.034297 -0.031508  0.049924    1.000000    0.009513
GCInterval -0.024871 -0.002737 -0.073966    0.009513    1.000000
R Means Squared
17.49187031009735
