
GC Util
112.08411214953271
107
251.0
0.0
120.0
73.88161380480531
-2.3208652971943433
0.020300105208470053
heapSize
17283.277196261683
107
24946.09
100.0
24946.09
11528.851955861328
numThreads
100.0
107
100.0
100.0
100.0
0.0
GCInterval
99.06542056074767
107
100
0
100.0
9.667364890456636
Correlation
                Time   GC Util  heapSize  numThreads  GCInterval
Time        1.000000  0.846022  0.680446         NaN    0.106770
GC Util     0.846022  1.000000  0.863754         NaN    0.148045
heapSize    0.680446  0.863754  1.000000         NaN    0.145447
numThreads       NaN       NaN       NaN         NaN         NaN
GCInterval  0.106770  0.148045  0.145447         NaN    1.000000
R Means Squared
125.81194243716725
