
GC Util
19.46600624236667
7369
1825.0
0.0
12.0
29.73663746693309
24.557749407708236
1.436020932227963e-130
heapSize
116.10802144117248
7369
162.5
100.0
108.59
15.278380775801349
numThreads
98.81937847740535
7369
100.0
25.0
100.0
9.336197061101032
GCInterval
11.927432487447415
7369
200.0
0.0
10.0
12.462484185841017
Correlation
                Time   GC Util  heapSize  numThreads  GCInterval
Time        1.000000  0.132687  0.052796   -0.005700    0.011770
GC Util     0.132687  1.000000 -0.275053   -0.001758    0.023141
heapSize    0.052796 -0.275053  1.000000    0.050719   -0.092097
numThreads -0.005700 -0.001758  0.050719    1.000000    0.012841
GCInterval  0.011770  0.023141 -0.092097    0.012841    1.000000
R Means Squared
31.205013759041908
