
GC Util
105.47787610619469
113
235.0
0.0
117.0
67.72516642192451
0.2700339874525251
0.7871346961717828
heapSize
17690.15221238938
113
24946.09
100.0
24946.09
11347.802912124014
numThreads
100.0
113
100.0
100.0
100.0
0.0
GCInterval
99.11504424778761
113
100
0
100.0
9.407208683835975
Correlation
                Time   GC Util  heapSize  numThreads  GCInterval
Time        1.000000  0.710261  0.617429         NaN    0.091654
GC Util     0.710261  1.000000  0.855794         NaN    0.147820
heapSize    0.617429  0.855794  1.000000         NaN    0.147122
numThreads       NaN       NaN       NaN         NaN         NaN
GCInterval  0.091654  0.147820  0.147122         NaN    1.000000
R Means Squared
116.88512627089399
