
GC Util
10.635235732009926
806
90.0
0.0
6.0
14.1266128878614
2.4674641889611437
0.013677631308713002
heapSize
100.58645161290322
806
101.56
100.0
100.0
0.7560742442863487
numThreads
99.81389578163771
806
100.0
25.0
100.0
3.7336948823972382
GCInterval
12.640818858560793
806
100.0
0.0
10.0
13.807216677234987
Correlation
                Time   GC Util  heapSize  numThreads  GCInterval
Time        1.000000 -0.326038  0.242228   -0.014689   -0.378398
GC Util    -0.326038  1.000000 -0.032927   -0.029551   -0.110433
heapSize    0.242228 -0.032927  1.000000    0.038710   -0.136361
numThreads -0.014689 -0.029551  0.038710    1.000000    0.009545
GCInterval -0.378398 -0.110433 -0.136361    0.009545    1.000000
R Means Squared
14.132130822635677
