
GC Util
149.7793103448276
145
289.0
0.0
163.0
92.34179180311568
13.43123440976763
5.603188937157706e-41
heapSize
19291.462620689657
145
24946.09
100.0
24946.09
10453.429344157632
numThreads
100.0
145
100.0
100.0
100.0
0.0
GCInterval
99.3103448275862
145
100
0
100.0
8.304547985373995
Correlation
                Time   GC Util  heapSize  numThreads  GCInterval
Time        1.000000  0.755521  0.786005         NaN    0.127034
GC Util     0.755521  1.000000  0.789474         NaN    0.135636
heapSize    0.786005  0.789474  1.000000         NaN    0.153522
numThreads       NaN       NaN       NaN         NaN         NaN
GCInterval  0.127034  0.135636  0.153522         NaN    1.000000
R Means Squared
167.35129271210843
