
GC Util
106.23893805309734
113
235.0
0.0
117.0
68.97803407300388
0.3525784245026089
0.7244053014447704
heapSize
17690.15221238938
113
24946.09
100.0
24946.09
11347.802912124014
numThreads
100.0
113
100.0
100.0
100.0
0.0
GCInterval
99.11504424778761
113
100
0
100.0
9.407208683835973
Correlation
                Time   GC Util  heapSize  numThreads  GCInterval
Time        1.000000  0.720036  0.618032         NaN    0.091928
GC Util     0.720036  1.000000  0.846801         NaN    0.146182
heapSize    0.618032  0.846801  1.000000         NaN    0.147122
numThreads       NaN       NaN       NaN         NaN         NaN
GCInterval  0.091928  0.146182  0.147122         NaN    1.000000
R Means Squared
118.22773135003898
