
GC Util
113.75238095238095
105
256.0
0.0
116.0
78.08338503366141
-16.640551898464174
7.740114749196293e-62
heapSize
17137.318857142858
105
24946.09
100.0
24946.09
11589.640186368975
numThreads
100.0
105
100.0
100.0
100.0
0.0
GCInterval
99.04761904761905
105
100
0
100.0
9.759000729485331
Correlation
                Time   GC Util  heapSize  numThreads  GCInterval
Time        1.000000  0.889917  0.696340         NaN    0.110376
GC Util     0.889917  1.000000  0.860051         NaN    0.143537
heapSize    0.696340  0.860051  1.000000         NaN    0.144841
numThreads       NaN       NaN       NaN         NaN         NaN
GCInterval  0.110376  0.143537  0.144841         NaN    1.000000
R Means Squared
129.6283331756787
