
GC Util
22.600994334605158
8649
1106.0
0.0
16.0
26.387005427680055
35.581637853596156
5.2981073541906035e-267
heapSize
114.95564573939184
8649
156.25
100.0
109.38
14.373187623425908
numThreads
98.28303850156088
8649
100.0
25.0
100.0
11.217785213892093
GCInterval
11.79060006937218
8649
200.0
0.0
10.0
12.495810957584993
Correlation
                Time   GC Util  heapSize  numThreads  GCInterval
Time        1.000000  0.152109  0.028371   -0.014085    0.005152
GC Util     0.152109  1.000000 -0.300490    0.015938    0.021142
heapSize    0.028371 -0.300490  1.000000    0.022122   -0.070346
numThreads -0.014085  0.015938  0.022122    1.000000    0.009462
GCInterval  0.005152  0.021142 -0.070346    0.009462    1.000000
R Means Squared
29.240017275028393
