
GC Util
30.906487803970453
53747
6147.0
0.0
25.0
53.54625782240473
52.531576144469796
0.0
heapSize
573.9386964853853
53747
24946.09
100.0
100.78
3364.391415899426
numThreads
96.7612145794184
53747
100.0
25.0
100.0
15.24544193988975
GCInterval
11.258030215639945
53747
200.0
0.0
10.0
14.678487829206478
Correlation
                Time   GC Util  heapSize  numThreads  GCInterval
Time        1.000000  0.057340 -0.099572   -0.008294   -0.037747
GC Util     0.057340  1.000000 -0.051199    0.039586    0.029025
heapSize   -0.099572 -0.051199  1.000000   -0.015891    0.001165
numThreads -0.008294  0.039586 -0.015891    1.000000   -0.001934
GCInterval -0.037747  0.029025  0.001165   -0.001934    1.000000
R Means Squared
57.48242873100961
