
GC Util
53.42696876374835
4546
3957.0
0.0
38.0
146.4942147366019
7.515036882748472
6.154631547740369e-14
heapSize
130.84729432468103
4546
321.09
100.0
117.19
41.61099969642662
numThreads
97.75626924769028
4546
100.0
25.0
100.0
12.778160913505907
GCInterval
20.775967883853937
4546
200.0
0.0
10.0
35.21259391915256
Correlation
                Time   GC Util  heapSize  numThreads  GCInterval
Time        1.000000  0.126461  0.767226    0.076748    0.251774
GC Util     0.126461  1.000000  0.235589    0.023696    0.353131
heapSize    0.767226  0.235589  1.000000    0.055933    0.443752
numThreads  0.076748  0.023696  0.055933    1.000000    0.039547
GCInterval  0.251774  0.353131  0.443752    0.039547    1.000000
R Means Squared
152.78002425612647
