
GC Util
4.676080445014977
2337
539.0
0.0
0.0
23.6610608754933
-0.5472394811495113
0.5842336702254731
heapSize
106.4703594351733
2337
125.0
100.0
104.69
6.024376591194468
numThreads
99.87163029525033
2337
100.0
25.0
100.0
3.1008649567013142
GCInterval
11.475695335900728
2337
148.4
0.0
10.0
12.466264141686183
Correlation
                Time   GC Util  heapSize  numThreads  GCInterval
Time        1.000000 -0.227694  0.270431    0.048287   -0.149112
GC Util    -0.227694  1.000000 -0.034598   -0.026385    0.157335
heapSize    0.270431 -0.034598  1.000000    0.009575   -0.097816
numThreads  0.048287 -0.026385  0.009575    1.000000    0.004903
GCInterval -0.149112  0.157335 -0.097816    0.004903    1.000000
R Means Squared
24.247687801400023
