
GC Util
3.95446584938704
571
106.0
0.0
0.0
11.652634376652216
-1.9655997551881106
0.049502868365555154
heapSize
100.04644483362523
571
101.56
100.0
100.0
0.2653679438732996
numThreads
99.73730297723293
571
100.0
25.0
100.0
4.434829343931751
GCInterval
12.599562171628722
571
100.0
0.0
10.0
15.544488355331051
Correlation
                Time   GC Util  heapSize  numThreads  GCInterval
Time        1.000000 -0.084133  0.271786    0.064634   -0.185441
GC Util    -0.084133  1.000000  0.140526   -0.081709   -0.088480
heapSize    0.271786  0.140526  1.000000    0.010386   -0.029321
numThreads  0.064634 -0.081709  0.010386    1.000000    0.047906
GCInterval -0.185441 -0.088480 -0.029321    0.047906    1.000000
R Means Squared
13.1184820359749
