
GC Util
3.3837482386096758
2129
535.0
0.0
0.0
17.797940101212863
-3.189376435043176
0.001433051670847661
heapSize
106.4154156881165
2129
121.88
100.0
104.69
5.96886243968084
numThreads
99.85908877407233
2129
100.0
25.0
100.0
3.248606311369477
GCInterval
11.03877407233443
2129
200.0
0.0
10.0
10.875886808115302
Correlation
                Time   GC Util  heapSize  numThreads  GCInterval
Time        1.000000 -0.221662  0.297604    0.051229   -0.114552
GC Util    -0.221662  1.000000 -0.092699   -0.040515   -0.024479
heapSize    0.297604 -0.092699  1.000000    0.021087   -0.065995
numThreads  0.051229 -0.040515  0.021087    1.000000    0.014070
GCInterval -0.114552 -0.024479 -0.065995    0.014070    1.000000
R Means Squared
18.984010972822677
