
GC Util
27.09411527835259
89401
10531.0
0.0
23.0
64.07879361368218
71.16746408317057
0.0
heapSize
323.44273084193696
89401
24946.09
100.0
110.94
2264.8084726583866
numThreads
97.73828033243475
89401
100.0
25.0
100.0
12.82635721510986
GCInterval
11.035524211138577
89401
200.0
0.0
10.0
13.22186329322455
Correlation
                Time   GC Util  heapSize  numThreads  GCInterval
Time        1.000000  0.051729  0.195519    0.011023    0.003662
GC Util     0.051729  1.000000 -0.023908    0.019951   -0.000200
heapSize    0.195519 -0.023908  1.000000    0.008344   -0.006131
numThreads  0.011023  0.019951  0.008344    1.000000    0.005387
GCInterval  0.003662 -0.000200 -0.006131    0.005387    1.000000
R Means Squared
66.31933835021164
