
GC Util
73.81849994386017
53438
6849.0
0.0
71.0
145.44844063898222
29.129525934506344
2.8935393265589644e-185
heapSize
107.23758056064973
53438
128.12
100.0
104.69
7.505727282921971
numThreads
98.8365021146001
53438
100.0
25.0
100.0
9.268776712020003
GCInterval
14.64353082076425
53438
200.0
0.0
11.6
16.395556719864345
Correlation
                Time   GC Util  heapSize  numThreads  GCInterval
Time        1.000000  0.042244 -0.080316    0.045148   -0.022776
GC Util     0.042244  1.000000 -0.028019    0.044934    0.022162
heapSize   -0.080316 -0.028019  1.000000   -0.009515   -0.032906
numThreads  0.045148  0.044934 -0.009515    1.000000    0.011422
GCInterval -0.022776  0.022162 -0.032906    0.011422    1.000000
R Means Squared
158.8321564904342
