
GC Util
105.37254901960785
102
249.0
0.0
118.5
71.16442007441131
-3.1535863867329357
0.0016142031280858597
heapSize
16907.649117647063
102
24946.09
100.0
24946.09
11680.966988301536
numThreads
100.0
102
100.0
100.0
100.0
0.0
GCInterval
99.01960784313725
102
100
0
100.0
9.90147542976674
Correlation
                Time   GC Util  heapSize  numThreads  GCInterval
Time        1.000000  0.848387  0.680019         NaN    0.105837
GC Util     0.848387  1.000000  0.877827         NaN    0.148062
heapSize    0.680019  0.877827  1.000000         NaN    0.143882
numThreads       NaN       NaN       NaN         NaN         NaN
GCInterval  0.105837  0.148062  0.143882         NaN    1.000000
R Means Squared
118.78824461546492
