
GC Util
146.4344827586207
145
288.0
0.0
167.0
85.89987823309048
12.799471358939659
2.1953898726072224e-37
heapSize
19291.462620689657
145
24946.09
100.0
24946.09
10453.429344157632
numThreads
100.0
145
100.0
100.0
100.0
0.0
GCInterval
99.3103448275862
145
100
0
100.0
8.304547985373995
Correlation
                Time   GC Util  heapSize  numThreads  GCInterval
Time        1.000000  0.730129  0.789241         NaN    0.128026
GC Util     0.730129  1.000000  0.817478         NaN    0.142552
heapSize    0.789241  0.817478  1.000000         NaN    0.153522
numThreads       NaN       NaN       NaN         NaN         NaN
GCInterval  0.128026  0.142552  0.153522         NaN    1.000000
R Means Squared
161.0660391439401
