
GC Util
27.367533069805447
90566
18780.0
0.0
21.0
130.49133342944987
35.66750402016393
2.5717509411199134e-277
heapSize
397.48021354592237
90566
24946.09
100.0
112.5
2630.4236303747775
numThreads
98.22201488417286
90566
100.0
25.0
100.0
11.41004338817639
GCInterval
12.318411434754765
90566
200.0
0.0
10.0
14.834653614207166
Correlation
                Time   GC Util  heapSize  numThreads  GCInterval
Time        1.000000  0.026754  0.222219    0.012771    0.013012
GC Util     0.026754  1.000000 -0.014253    0.008835    0.000487
heapSize    0.222219 -0.014253  1.000000    0.011942   -0.011474
numThreads  0.012771  0.008835  0.011942    1.000000    0.010976
GCInterval  0.013012  0.000487 -0.011474    0.010976    1.000000
R Means Squared
131.6412978046012
