
GC Util
113.03539823008849
113
244.0
0.0
128.0
68.67247956833371
1.0897477956325108
0.2758270354899993
heapSize
17690.15221238938
113
24946.09
100.0
24946.09
11347.802912124014
numThreads
100.0
113
100.0
100.0
100.0
0.0
GCInterval
99.11504424778761
113
100
0
100.0
9.407208683835975
Correlation
                Time   GC Util  heapSize  numThreads  GCInterval
Time        1.000000  0.742729  0.627783         NaN    0.095298
GC Util     0.742729  1.000000  0.869153         NaN    0.156226
heapSize    0.627783  0.869153  1.000000         NaN    0.147122
numThreads       NaN       NaN       NaN         NaN         NaN
GCInterval  0.095298  0.156226  0.147122         NaN    1.000000
R Means Squared
123.6546360899933
