
GC Util
13.196124031007752
1290
293.0
0.0
7.0
18.706490881556313
-0.9893351387270177
0.32256702383680713
heapSize
109.78056589147286
1290
142.97
100.0
105.47
11.012869299815424
numThreads
99.06976744186046
1290
100.0
25.0
100.0
8.303948649478919
GCInterval
12.103178294573643
1290
104.8
0.0
10.0
12.11170346073201
Correlation
                Time   GC Util  heapSize  numThreads  GCInterval
Time        1.000000  0.063262  0.539580   -0.028493   -0.230088
GC Util     0.063262  1.000000  0.055494   -0.040027   -0.088066
heapSize    0.539580  0.055494  1.000000    0.019049   -0.077846
numThreads -0.028493 -0.040027  0.019049    1.000000    0.004426
GCInterval -0.230088 -0.088066 -0.077846    0.004426    1.000000
R Means Squared
18.970417607054582
