
GC Util
23.972811453339464
15227
1494.0
0.0
18.0
49.55809762613905
15.214242469070195
4.9186531454014436e-52
heapSize
102.6456071452026
15227
118.75
100.0
100.0
4.241071550116222
numThreads
96.6703881263545
15227
100.0
25.0
100.0
15.448308908375932
GCInterval
12.075474486110199
15227
200.0
0.0
10.0
18.12130285595793
Correlation
                Time   GC Util  heapSize  numThreads  GCInterval
Time        1.000000 -0.100344  0.015850   -0.025137   -0.081591
GC Util    -0.100344  1.000000  0.014833    0.019300    0.104291
heapSize    0.015850  0.014833  1.000000   -0.003094    0.019602
numThreads -0.025137  0.019300 -0.003094    1.000000    0.012968
GCInterval -0.081591  0.104291  0.019602    0.012968    1.000000
R Means Squared
51.48867067093918
