
GC Util
115.58878504672897
107
248.0
0.0
131.0
77.24501000810001
-16.482569384287366
1.0387843558173768e-60
heapSize
17283.277196261686
107
24946.09
100.0
24946.09
11528.851955861326
numThreads
100.0
107
100.0
100.0
100.0
0.0
GCInterval
99.06542056074767
107
100
0
100.0
9.667364890456636
Correlation
                Time   GC Util  heapSize  numThreads  GCInterval
Time        1.000000  0.872896  0.697884         NaN    0.110699
GC Util     0.872896  1.000000  0.868430         NaN    0.146026
heapSize    0.697884  0.868430  1.000000         NaN    0.145447
numThreads       NaN       NaN       NaN         NaN         NaN
GCInterval  0.110699  0.146026  0.145447         NaN    1.000000
R Means Squared
130.61400649083845
