
GC Util
33.276328725038404
65100
7139.0
0.0
28.0
57.38073728919996
56.64655008464236
0.0
heapSize
108.09799800307219
65100
143.75
100.0
103.91
11.032221614551993
numThreads
97.66820276497695
65100
100.0
25.0
100.0
13.017300688001876
GCInterval
11.264946236559139
65100
200.0
0.0
10.0
14.532834676225637
Correlation
                Time   GC Util  heapSize  numThreads  GCInterval
Time        1.000000  0.044414 -0.126560    0.008271   -0.034198
GC Util     0.044414  1.000000 -0.063194    0.038494    0.021322
heapSize   -0.126560 -0.063194  1.000000   -0.014765   -0.000259
numThreads  0.008271  0.038494 -0.014765    1.000000    0.007487
GCInterval -0.034198  0.021322 -0.000259    0.007487    1.000000
R Means Squared
61.921611041529715
