
GC Util
14.13715710723192
1203
114.0
0.0
8.0
17.220561199267753
0.1659250758325431
0.8682256583626726
heapSize
110.2106234413965
1203
138.28
100.0
101.56
11.77415869628655
numThreads
98.94014962593516
1203
100.0
25.0
100.0
8.856110385432073
GCInterval
12.499168744804654
1203
100.0
0.0
10.0
12.465079814531858
Correlation
                Time   GC Util  heapSize  numThreads  GCInterval
Time        1.000000  0.076327  0.670619   -0.004406   -0.232145
GC Util     0.076327  1.000000  0.076252   -0.039550   -0.104549
heapSize    0.670619  0.076252  1.000000    0.024869   -0.077108
numThreads -0.004406 -0.039550  0.024869    1.000000    0.024014
GCInterval -0.232145 -0.104549 -0.077108    0.024014    1.000000
R Means Squared
17.703595400597678
