
GC Util
34.82219191983256
63068
7208.0
0.0
28.0
56.60964979521772
62.1325007536124
0.0
heapSize
486.44199229403176
63068
24946.09
100.0
100.0
3055.4480929632387
numThreads
97.07815373882158
63068
100.0
25.0
100.0
14.512223239069739
GCInterval
11.288016902391071
63068
200.0
0.0
10.0
14.79553239363188
Correlation
                Time   GC Util  heapSize  numThreads  GCInterval
Time        1.000000  0.069092 -0.076768   -0.012756   -0.040378
GC Util     0.069092  1.000000 -0.046397    0.048386    0.037397
heapSize   -0.076768 -0.046397  1.000000   -0.022860   -0.002366
numThreads -0.012756  0.048386 -0.022860    1.000000    0.011180
GCInterval -0.040378  0.037397 -0.002366    0.011180    1.000000
R Means Squared
61.812157776511846
