
GC Util
14.28450269853508
1297
131.0
0.0
8.0
18.86235919827838
0.348684426898665
0.7273469962350887
heapSize
109.51602158828065
1297
139.84
100.0
106.25
9.713544836764273
numThreads
99.19043947571319
1297
100.0
25.0
100.0
7.752934602174905
GCInterval
12.052428681572861
1297
100.0
0.0
10.0
11.996583710262055
Correlation
                Time   GC Util  heapSize  numThreads  GCInterval
Time        1.000000  0.032388  0.628972   -0.005125   -0.258748
GC Util     0.032388  1.000000  0.055451   -0.031269   -0.095065
heapSize    0.628972  0.055451  1.000000   -0.019507   -0.059503
numThreads -0.005125 -0.031269 -0.019507    1.000000    0.024069
GCInterval -0.258748 -0.095065 -0.059503    0.024069    1.000000
R Means Squared
19.335750342982227
