
GC Util
48.59659090909091
8272
1962.0
0.0
41.0
52.471736551465014
28.298019683830486
5.037594117582455e-171
heapSize
144.26849250483562
8272
620.31
100.0
117.97
73.49316816798755
numThreads
97.36158123791103
8272
100.0
25.0
100.0
13.818221183365043
GCInterval
12.307700676982591
8272
200.0
0.0
10.0
14.51937471473842
Correlation
                Time   GC Util  heapSize  numThreads  GCInterval
Time        1.000000  0.284847 -0.111058    0.039899    0.013278
GC Util     0.284847  1.000000 -0.129066    0.100470    0.006843
heapSize   -0.111058 -0.129066  1.000000    0.002238   -0.003426
numThreads  0.039899  0.100470  0.002238    1.000000    0.004318
GCInterval  0.013278  0.006843 -0.003426    0.004318    1.000000
R Means Squared
65.13560564563736
