
GC Util
46.46506376195536
7528
1764.0
0.0
36.0
57.33192383019831
23.864762471864957
4.349943532014534e-123
heapSize
150.26598831030816
7528
757.81
100.0
113.28
95.32459236084563
numThreads
97.18052603613178
7528
100.0
25.0
100.0
14.26667975870483
GCInterval
12.758986450584485
7528
200.0
0.0
10.0
14.55220414068882
Correlation
                Time   GC Util  heapSize  numThreads  GCInterval
Time        1.000000  0.257115 -0.140548    0.043253    0.017509
GC Util     0.257115  1.000000 -0.112508    0.089022    0.007081
heapSize   -0.140548 -0.112508  1.000000   -0.002813   -0.001361
numThreads  0.043253  0.089022 -0.002813    1.000000    0.013092
GCInterval  0.017509  0.007081 -0.001361    0.013092    1.000000
R Means Squared
67.94272393264701
