
GC Util
71.55081320655252
51217
6092.0
0.0
71.0
131.97112846754396
30.617156209415835
3.0106006424111707e-204
heapSize
106.84046273698185
51217
117.97
100.0
106.25
4.879380865547895
numThreads
97.64531307964153
51217
100.0
25.0
100.0
13.079002578433583
GCInterval
13.725257238807428
51217
200.0
0.0
10.4
15.83827444044264
Correlation
                Time   GC Util  heapSize  numThreads  GCInterval
Time        1.000000  0.047313 -0.088551    0.021144   -0.005864
GC Util     0.047313  1.000000 -0.024108    0.062131    0.020318
heapSize   -0.088551 -0.024108  1.000000   -0.011486   -0.038018
numThreads  0.021144  0.062131 -0.011486    1.000000    0.013442
GCInterval -0.005864  0.020318 -0.038018    0.013442    1.000000
R Means Squared
145.61779185472133
