
GC Util
108.97345132743362
113
237.0
0.0
127.0
67.39693986495645
0.6491814233202013
0.5162226957745404
heapSize
17690.15221238938
113
24946.09
100.0
24946.09
11347.802912124014
numThreads
100.0
113
100.0
100.0
100.0
0.0
GCInterval
99.11504424778761
113
100
0
100.0
9.407208683835973
Correlation
                Time   GC Util  heapSize  numThreads  GCInterval
Time        1.000000  0.726868  0.617747         NaN    0.091742
GC Util     0.726868  1.000000  0.889360         NaN    0.153462
heapSize    0.617747  0.889360  1.000000         NaN    0.147122
numThreads       NaN       NaN       NaN         NaN         NaN
GCInterval  0.091742  0.153462  0.147122         NaN    1.000000
R Means Squared
119.57380066431666
