
GC Util
110.68867924528301
106
244.0
0.0
121.5
72.95991896501702
-2.4981336314626503
0.012489681324530691
heapSize
17210.986509433966
106
24946.09
100.0
24946.09
11559.229112734369
numThreads
100.0
106
100.0
100.0
100.0
0.0
GCInterval
99.05660377358491
106
100
0
100.0
9.71285862357264
Correlation
                Time   GC Util  heapSize  numThreads  GCInterval
Time        1.000000  0.851097  0.679793         NaN    0.106225
GC Util     0.851097  1.000000  0.879820         NaN    0.148759
heapSize    0.679793  0.879820  1.000000         NaN    0.145148
numThreads       NaN       NaN       NaN         NaN         NaN
GCInterval  0.106225  0.148759  0.145148         NaN    1.000000
R Means Squared
124.14161876435301
