
GC Util
107.71681415929204
113
261.0
0.0
111.0
70.45952093053002
0.5128672064466185
0.6080454134290094
heapSize
17690.15221238938
113
24946.09
100.0
24946.09
11347.802912124014
numThreads
100.0
113
100.0
100.0
100.0
0.0
GCInterval
99.11504424778761
113
100
0
100.0
9.407208683835975
Correlation
                Time   GC Util  heapSize  numThreads  GCInterval
Time        1.000000  0.764499  0.618326         NaN    0.091846
GC Util     0.764499  1.000000  0.843637         NaN    0.145099
heapSize    0.618326  0.843637  1.000000         NaN    0.147122
numThreads       NaN       NaN       NaN         NaN         NaN
GCInterval  0.091846  0.145099  0.147122         NaN    1.000000
R Means Squared
120.28792890688561
