
GC Util
70.60116747181965
49680
5575.0
0.0
70.0
122.92589167930248
32.185515128020505
2.9984218832684377e-225
heapSize
110.4370309983897
49680
131.25
100.0
109.38
8.137799972407464
numThreads
98.48882850241546
49680
100.0
25.0
100.0
10.538332812152406
GCInterval
14.425325080515298
49680
200.0
0.0
11.6
15.591275942655802
Correlation
                Time   GC Util  heapSize  numThreads  GCInterval
Time        1.000000  0.045645 -0.095308    0.043114   -0.020203
GC Util     0.045645  1.000000 -0.010324    0.055255    0.023820
heapSize   -0.095308 -0.010324  1.000000   -0.006274   -0.027709
numThreads  0.043114  0.055255 -0.006274    1.000000    0.016662
GCInterval -0.020203  0.023820 -0.027709    0.016662    1.000000
R Means Squared
137.0509838781341
