
GC Util
10.438620689655172
725
98.0
0.0
7.0
14.358978875183608
2.059771788610483
0.03953329597759162
heapSize
100.5407724137931
725
104.69
100.0
100.0
1.2512884892045681
numThreads
99.89655172413794
725
100.0
25.0
100.0
2.7854300726557777
GCInterval
12.333103448275862
725
100.0
0.0
10.0
14.09328385741565
Correlation
                Time   GC Util  heapSize  numThreads  GCInterval
Time        1.000000 -0.228656  0.467256    0.017405   -0.339131
GC Util    -0.228656  1.000000 -0.062418   -0.022174   -0.134588
heapSize    0.467256 -0.062418  1.000000    0.016073   -0.071644
numThreads  0.017405 -0.022174  0.016073    1.000000    0.006157
GCInterval -0.339131 -0.134588 -0.071644    0.006157    1.000000
R Means Squared
14.355775000398584
