
GC Util
144.15862068965518
145
286.0
0.0
167.0
84.32943632811514
12.364004243204718
5.247395497730239e-35
heapSize
19291.462620689657
145
24946.09
100.0
24946.09
10453.429344157632
numThreads
100.0
145
100.0
100.0
100.0
0.0
GCInterval
99.3103448275862
145
100
0
100.0
8.304547985373997
Correlation
                Time   GC Util  heapSize  numThreads  GCInterval
Time        1.000000  0.790569  0.784399         NaN    0.126681
GC Util     0.790569  1.000000  0.827397         NaN    0.142950
heapSize    0.784399  0.827397  1.000000         NaN    0.153522
numThreads       NaN       NaN       NaN         NaN         NaN
GCInterval  0.126681  0.142950  0.153522         NaN    1.000000
R Means Squared
158.3064901625521
