
GC Util
14.587188612099645
1405
863.0
0.0
4.0
55.385354044088615
4.940666517919995
8.104430017784963e-07
heapSize
384.0782135231317
1405
24946.09
100.0
100.0
2637.10609118407
numThreads
99.4661921708185
1405
100.0
25.0
100.0
6.307055478525453
GCInterval
13.937188612099645
1405
200.0
0.0
10.0
20.81500226686682
Correlation
                Time   GC Util  heapSize  numThreads  GCInterval
Time        1.000000  0.083462  0.055333   -0.031392   -0.081501
GC Util     0.083462  1.000000  0.002764   -0.007360   -0.010092
heapSize    0.055333  0.002764  1.000000    0.009104   -0.012612
numThreads -0.031392 -0.007360  0.009104    1.000000    0.016021
GCInterval -0.081501 -0.010092 -0.012612    0.016021    1.000000
R Means Squared
55.555345748911854
