
GC Util
10.64629388816645
769
109.0
0.0
7.0
14.299429618650025
2.4372392279164337
0.014874205299501526
heapSize
100.18054616384914
769
101.56
100.0
100.0
0.4993790031795948
numThreads
99.1222366710013
769
100.0
25.0
100.0
8.071337997762342
GCInterval
12.294733420026008
769
100.0
0.0
10.0
13.661794315525615
Correlation
                Time   GC Util  heapSize  numThreads  GCInterval
Time        1.000000 -0.202250 -0.034393   -0.030973   -0.350265
GC Util    -0.202250  1.000000 -0.025465   -0.071230   -0.123113
heapSize   -0.034393 -0.025465  1.000000    0.001573   -0.060806
numThreads -0.030973 -0.071230  0.001573    1.000000    0.018290
GCInterval -0.350265 -0.123113 -0.060806    0.018290    1.000000
R Means Squared
14.3047365458541
