
GC Util
101.3716814159292
113
233.0
0.0
107.0
65.05467407857046
-28.780938376543784
5.879906450994917e-181
heapSize
17690.15221238938
113
24946.09
100.0
24946.09
11347.802912124014
numThreads
100.0
113
100.0
100.0
100.0
0.0
GCInterval
99.11504424778761
113
100
0
100.0
9.407208683835973
Correlation
                Time   GC Util  heapSize  numThreads  GCInterval
Time        1.000000  0.739494  0.618245         NaN    0.091821
GC Util     0.739494  1.000000  0.852609         NaN    0.147897
heapSize    0.618245  0.852609  1.000000         NaN    0.147122
numThreads       NaN       NaN       NaN         NaN         NaN
GCInterval  0.091821  0.147897  0.147122         NaN    1.000000
R Means Squared
111.99751103429087
