
GC Util
143.88275862068966
145
288.0
0.0
164.0
81.09506625014214
12.316044201628195
9.48389574457216e-35
heapSize
19291.462620689657
145
24946.09
100.0
24946.09
10453.429344157632
numThreads
100.0
145
100.0
100.0
100.0
0.0
GCInterval
99.3103448275862
145
100
0
100.0
8.304547985373995
Correlation
                Time   GC Util  heapSize  numThreads  GCInterval
Time        1.000000  0.790460  0.784962         NaN    0.126631
GC Util     0.790460  1.000000  0.861190         NaN    0.148366
heapSize    0.784962  0.861190  1.000000         NaN    0.153522
numThreads       NaN       NaN       NaN         NaN         NaN
GCInterval  0.126631  0.148366  0.153522         NaN    1.000000
R Means Squared
156.38301786275284
