
GC Util
26.510790714544797
11028
1255.0
0.0
18.0
53.35484450292369
18.297925569955563
3.3899962828892364e-74
heapSize
522.8185564018861
11028
24946.09
100.0
103.12
3190.3320690116484
numThreads
97.32045701849837
11028
100.0
25.0
100.0
13.921327047942988
GCInterval
13.020751722887196
11028
200.0
0.0
10.0
20.358022114878295
Correlation
                Time   GC Util  heapSize  numThreads  GCInterval
Time        1.000000 -0.089841 -0.056219    0.009507   -0.108457
GC Util    -0.089841  1.000000 -0.034991    0.022418    0.138895
heapSize   -0.056219 -0.034991  1.000000    0.009918   -0.011556
numThreads  0.009507  0.022418  0.009918    1.000000    0.021133
GCInterval -0.108457  0.138895 -0.011556    0.021133    1.000000
R Means Squared
55.84879143306427
