
GC Util
11.948301329394386
1354
968.0
0.0
4.0
48.033743229242035
2.972195304844293
0.002974657131220954
heapSize
101.95104874446086
1354
123.44
100.0
100.0
4.166481472080914
numThreads
98.94756277695717
1354
100.0
25.0
100.0
8.825116886979874
GCInterval
13.036927621861151
1354
200.0
0.0
10.0
16.82595823054759
Correlation
                Time   GC Util  heapSize  numThreads  GCInterval
Time        1.000000  0.088623  0.374047   -0.065372   -0.135373
GC Util     0.088623  1.000000  0.106655   -0.024320    0.000340
heapSize    0.374047  0.106655  1.000000    0.030015    0.052639
numThreads -0.065372 -0.024320  0.030015    1.000000   -0.049388
GCInterval -0.135373  0.000340  0.052639   -0.049388    1.000000
R Means Squared
48.055513196684835
