
GC Util
72.62135361330127
53649
8313.0
0.0
71.0
151.72472455169162
27.26704627269682
9.986247335748641e-163
heapSize
107.18172547484575
53649
123.44
100.0
104.69
6.8620572218921625
numThreads
98.59922831739641
53649
100.0
25.0
100.0
10.15370063548608
GCInterval
13.586928926913828
53649
200.0
0.0
10.0
16.02343865264359
Correlation
                Time   GC Util  heapSize  numThreads  GCInterval
Time        1.000000  0.037975 -0.076073    0.060928   -0.013820
GC Util     0.037975  1.000000 -0.026013    0.046027    0.020207
heapSize   -0.076073 -0.026013  1.000000   -0.007531   -0.028034
numThreads  0.060928  0.046027 -0.007531    1.000000    0.000056
GCInterval -0.013820  0.020207 -0.028034    0.000056    1.000000
R Means Squared
164.13834675660112
