
GC Util
15.237879672897197
6848
174.0
0.0
10.0
15.312295966696274
19.879371457740657
9.097296800967782e-87
heapSize
118.74787821261681
6848
191.41
100.0
115.62
14.736746716727025
numThreads
98.28051985981308
6848
100.0
25.0
100.0
11.225987770520637
GCInterval
11.369297605140188
6848
200.0
0.0
10.0
11.776181997542357
Correlation
                Time   GC Util  heapSize  numThreads  GCInterval
Time        1.000000  0.129480  0.206936   -0.016607   -0.018334
GC Util     0.129480  1.000000 -0.264127   -0.047515    0.006378
heapSize    0.206936 -0.264127  1.000000    0.040682   -0.054979
numThreads -0.016607 -0.047515  0.040682    1.000000   -0.005984
GCInterval -0.018334  0.006378 -0.054979   -0.005984    1.000000
R Means Squared
16.18232222426971
