
GC Util
3.197473093121198
2137
744.0
0.0
0.0
20.07363162199723
-3.4199656884025345
0.0006304111442842854
heapSize
106.14985493682732
2137
125.0
100.0
104.69
6.516017144430513
numThreads
99.89471221338324
2137
100.0
25.0
100.0
2.8087702275224466
GCInterval
10.90987365465606
2137
200.0
0.0
10.0
9.970525891230603
Correlation
                Time   GC Util  heapSize  numThreads  GCInterval
Time        1.000000 -0.188528  0.257294    0.044777   -0.110712
GC Util    -0.188528  1.000000 -0.092286   -0.031392   -0.009362
heapSize    0.257294 -0.092286  1.000000    0.011414   -0.069986
numThreads  0.044777 -0.031392  0.011414    1.000000    0.014895
GCInterval -0.110712 -0.009362 -0.069986    0.014895    1.000000
R Means Squared
21.190481348143727
