
GC Util
19.37075098814229
7590
640.0
0.0
12.0
22.62287048331645
28.90553729539988
7.600161117575276e-179
heapSize
115.68806851119894
7590
183.59
100.0
116.41
12.22030295047522
numThreads
98.99209486166008
7590
100.0
25.0
100.0
8.636367268457905
GCInterval
11.830612648221345
7590
200.0
0.0
10.0
12.308855882933065
Correlation
                Time   GC Util  heapSize  numThreads  GCInterval
Time        1.000000  0.186828  0.093857   -0.026775    0.006764
GC Util     0.186828  1.000000 -0.332892   -0.003348    0.034715
heapSize    0.093857 -0.332892  1.000000    0.010548   -0.092046
numThreads -0.026775 -0.003348  0.010548    1.000000   -0.013208
GCInterval  0.006764  0.034715 -0.092046   -0.013208    1.000000
R Means Squared
24.485461255849888
