
GC Util
25.250637804406647
12935
2178.0
0.0
18.0
52.14253626214335
16.6445943183026
7.844116648870705e-62
heapSize
106.41593351372246
12935
157.81
100.0
101.56
9.601158636071169
numThreads
97.32122149207576
12935
100.0
25.0
100.0
13.919321547666561
GCInterval
12.375013529184383
12935
200.0
0.0
10.0
18.35595597804685
Correlation
                Time   GC Util  heapSize  numThreads  GCInterval
Time        1.000000 -0.090657  0.038701   -0.011644   -0.082352
GC Util    -0.090657  1.000000 -0.035876    0.021458    0.098896
heapSize    0.038701 -0.035876  1.000000   -0.006296    0.036909
numThreads -0.011644  0.021458 -0.006296    1.000000    0.007654
GCInterval -0.082352  0.098896  0.036909    0.007654    1.000000
R Means Squared
54.32509409539145
