
GC Util
19.845826344987742
7751
549.0
0.0
13.0
20.918461555972005
31.682304965522032
2.21477549719781e-213
heapSize
115.91521481099214
7751
163.28
100.0
114.06
13.252915050817041
numThreads
98.75177396464973
7751
100.0
25.0
100.0
9.595351112996108
GCInterval
11.848380854083343
7751
200.0
0.0
10.0
12.596803778837883
Correlation
                Time   GC Util  heapSize  numThreads  GCInterval
Time        1.000000  0.158561  0.114456   -0.000430    0.001806
GC Util     0.158561  1.000000 -0.352656   -0.000621    0.018065
heapSize    0.114456 -0.352656  1.000000    0.033717   -0.072772
numThreads -0.000430 -0.000621  0.033717    1.000000   -0.007587
GCInterval  0.001806  0.018065 -0.072772   -0.007587    1.000000
R Means Squared
23.11851801848293
