
GC Util
106.03327067669173
5320
4935.0
0.0
41.0
279.49381202279204
18.408479830484726
1.394409561377168e-74
heapSize
134.09765037593985
5320
554.69
100.0
118.75
46.25653835712229
numThreads
97.98402255639098
5320
100.0
25.0
100.0
12.131026552233616
GCInterval
23.486080827067667
5320
200.0
0.0
10.0
37.16956202073369
Correlation
                Time   GC Util  heapSize  numThreads  GCInterval
Time        1.000000  0.390555  0.549153    0.072839    0.459129
GC Util     0.390555  1.000000  0.306482    0.016143    0.486246
heapSize    0.549153  0.306482  1.000000    0.076036    0.426646
numThreads  0.072839  0.016143  0.076036    1.000000    0.053438
GCInterval  0.459129  0.486246  0.426646    0.053438    1.000000
R Means Squared
295.5071850709749
