
GC Util
108.7433628318584
113
231.0
0.0
111.0
70.46120750874478
-26.543917547855614
2.2340187510889195e-154
heapSize
17690.15221238938
113
24946.09
100.0
24946.09
11347.802912124014
numThreads
100.0
113
100.0
100.0
100.0
0.0
GCInterval
99.11504424778761
113
100
0
100.0
9.407208683835975
Correlation
                Time   GC Util  heapSize  numThreads  GCInterval
Time        1.000000  0.749247  0.618340         NaN    0.091837
GC Util     0.749247  1.000000  0.854680         NaN    0.146478
heapSize    0.618340  0.854680  1.000000         NaN    0.147122
numThreads       NaN       NaN       NaN         NaN         NaN
GCInterval  0.091837  0.146478  0.147122         NaN    1.000000
R Means Squared
121.12430534427325
