
GC Util
11.873730043541364
1378
1213.0
0.0
4.0
43.703547007998125
3.1520473487166925
0.0016333836937457308
heapSize
462.41090711175616
1378
24946.09
100.0
100.0
2972.350211649493
numThreads
99.45573294629898
1378
100.0
25.0
100.0
6.3681419152082785
GCInterval
13.006567489114659
1378
200.0
0.0
10.0
15.777478894900458
Correlation
                Time   GC Util  heapSize  numThreads  GCInterval
Time        1.000000  0.072138  0.076875   -0.037152   -0.125448
GC Util     0.072138  1.000000 -0.005044   -0.014925   -0.010662
heapSize    0.076875 -0.005044  1.000000    0.010415   -0.016726
numThreads -0.037152 -0.014925  0.010415    1.000000    0.016299
GCInterval -0.125448 -0.010662 -0.016726    0.016299    1.000000
R Means Squared
43.72784946207221
