
GC Util
8.01510574018127
331
102.0
0.0
2.0
13.578383497231032
-0.045199431727287125
0.9639577570050797
heapSize
100.1935347432024
331
104.69
100.0
100.0
0.8426738906068371
numThreads
99.77341389728096
331
100.0
25.0
100.0
4.1223728244698465
GCInterval
15.848489425981874
331
100.0
0.0
10.0
20.872597248379744
Correlation
                Time   GC Util  heapSize  numThreads  GCInterval
Time        1.000000 -0.193587  0.240133    0.008450   -0.387149
GC Util    -0.193587  1.000000  0.050685   -0.048662   -0.117581
heapSize    0.240133  0.050685  1.000000    0.012662   -0.064548
numThreads  0.008450 -0.048662  0.012662    1.000000    0.015448
GCInterval -0.387149 -0.117581 -0.064548    0.015448    1.000000
R Means Squared
13.702382530387313
