
GC Util
23.446668785086327
9441
1232.0
0.0
18.0
42.19688191063673
15.767813674886465
1.1812488243578895e-55
heapSize
113.30267344560959
9441
153.12
100.0
107.81
14.95301944212864
numThreads
97.92659675881792
9441
100.0
25.0
100.0
12.297246020898427
GCInterval
13.002335557673975
9441
200.0
0.0
10.0
19.95394889181637
Correlation
                Time   GC Util  heapSize  numThreads  GCInterval
Time        1.000000 -0.050656  0.296013   -0.032339   -0.083248
GC Util    -0.050656  1.000000 -0.016771    0.014937    0.143523
heapSize    0.296013 -0.016771  1.000000   -0.028856   -0.001963
numThreads -0.032339  0.014937 -0.028856    1.000000    0.019490
GCInterval -0.083248  0.143523 -0.001963    0.019490    1.000000
R Means Squared
44.285450702760336
