
GC Util
2.430057803468208
865
105.0
0.0
0.0
8.809061155749175
-2.2701587587051826
0.02327765451866614
heapSize
100.06131791907514
865
101.56
100.0
100.0
0.3033190197558752
numThreads
99.91329479768787
865
100.0
25.0
100.0
2.5500765034426722
GCInterval
11.621734104046242
865
100.0
0.0
10.0
12.624334938425502
Correlation
                Time   GC Util  heapSize  numThreads  GCInterval
Time        1.000000 -0.124883  0.328056    0.036806   -0.139996
GC Util    -0.124883  1.000000  0.085399   -0.067895   -0.075263
heapSize    0.328056  0.085399  1.000000    0.006881   -0.025999
numThreads  0.036806 -0.067895  0.006881    1.000000    0.031202
GCInterval -0.139996 -0.075263 -0.025999    0.031202    1.000000
R Means Squared
11.61093763795026
