
GC Util
146.50344827586207
145
291.0
0.0
169.0
87.97467471269557
-11.113279964413607
1.366880200862013e-28
heapSize
19291.462620689657
145
24946.09
100.0
24946.09
10453.429344157632
numThreads
100.0
145
100.0
100.0
100.0
0.0
GCInterval
99.3103448275862
145
100
0
100.0
8.304547985373997
Correlation
                Time   GC Util  heapSize  numThreads  GCInterval
Time        1.000000  0.848605  0.803891         NaN    0.131014
GC Util     0.848605  1.000000  0.810071         NaN    0.139255
heapSize    0.803891  0.810071  1.000000         NaN    0.153522
numThreads       NaN       NaN       NaN         NaN         NaN
GCInterval  0.131014  0.139255  0.153522         NaN    1.000000
R Means Squared
162.23242160767265
