
GC Util
12.84244670991659
1079
763.0
0.0
5.0
35.632050985859514
4.874286124865058
1.13826890782693e-06
heapSize
105.1139017608897
1079
137.5
100.0
100.0
9.340503937014866
numThreads
99.51343836886005
1079
100.0
25.0
100.0
6.024036204458489
GCInterval
12.927154772937905
1079
200.0
0.0
10.0
17.34351916741615
Correlation
                Time   GC Util  heapSize  numThreads  GCInterval
Time        1.000000  0.016687  0.189198   -0.037510   -0.169171
GC Util     0.016687  1.000000  0.147531   -0.016240   -0.020720
heapSize    0.189198  0.147531  1.000000    0.003694    0.055377
numThreads -0.037510 -0.016240  0.003694    1.000000    0.013645
GCInterval -0.169171 -0.020720  0.055377    0.013645    1.000000
R Means Squared
35.728782176432155
