
GC Util
24.326358281501008
72831
13121.0
0.0
17.0
136.46439155786024
29.486215783042528
2.2009664186987606e-190
heapSize
487.95264200683783
72831
24946.09
100.0
114.06
3002.170500585764
numThreads
98.31733739753676
72831
100.0
25.0
100.0
11.10720647476442
GCInterval
12.169986681495518
72831
200.0
0.0
10.0
14.187149430542238
Correlation
                Time   GC Util  heapSize  numThreads  GCInterval
Time        1.000000  0.019751  0.261305    0.001162    0.008896
GC Util     0.019751  1.000000 -0.014412    0.004882    0.002874
heapSize    0.261305 -0.014412  1.000000    0.014919   -0.012761
numThreads  0.001162  0.004882  0.014919    1.000000    0.002361
GCInterval  0.008896  0.002874 -0.012761    0.002361    1.000000
R Means Squared
137.21340681494038
