
GC Util
238.760009765625
4096
3000.0
0.0
99.0
362.52435296568245
29.13335108365632
5.953046232671289e-176
heapSize
134.83946533203124
4096
223.44
100.0
133.59
23.061211693425943
numThreads
99.267578125
4096
100.0
25.0
100.0
7.3762105544010295
GCInterval
61.51563720703125
4096
200.0
0.0
52.4
57.30960496061379
Correlation
                Time   GC Util  heapSize  numThreads  GCInterval
Time        1.000000  0.359009  0.334588    0.030741    0.422050
GC Util     0.359009  1.000000  0.194042    0.042851    0.500502
heapSize    0.334588  0.194042  1.000000    0.033879    0.332660
numThreads  0.030741  0.042851  0.033879    1.000000    0.081269
GCInterval  0.422050  0.500502  0.332660    0.081269    1.000000
R Means Squared
428.6291668172902
