
GC Util
157.99310344827586
145
288.0
0.0
180.0
90.92186026654701
-8.321993579692366
9.321555760801035e-17
heapSize
19291.462620689657
145
24946.09
100.0
24946.09
10453.429344157632
numThreads
100.0
145
100.0
100.0
100.0
0.0
GCInterval
99.3103448275862
145
100
0
100.0
8.304547985373997
Correlation
                Time   GC Util  heapSize  numThreads  GCInterval
Time        1.000000  0.823828  0.800333         NaN    0.129956
GC Util     0.823828  1.000000  0.841571         NaN    0.145309
heapSize    0.800333  0.841571  1.000000         NaN    0.153522
numThreads       NaN       NaN       NaN         NaN         NaN
GCInterval  0.129956  0.145309  0.153522         NaN    1.000000
R Means Squared
173.52732071487407
