
GC Util
10.45123384253819
851
98.0
0.0
6.0
13.975723750782802
2.213028272897945
0.026988957323036494
heapSize
100.12831962397179
851
101.56
100.0
100.0
0.428869234234948
numThreads
99.82373678025851
851
100.0
25.0
100.0
3.63375684981467
GCInterval
12.743184488836663
851
100.0
0.0
10.0
13.781625255049917
Correlation
                Time   GC Util  heapSize  numThreads  GCInterval
Time        1.000000 -0.244330 -0.037005    0.023870   -0.308829
GC Util    -0.244330  1.000000  0.064429   -0.033181   -0.097010
heapSize   -0.037005  0.064429  1.000000    0.014531   -0.057142
numThreads  0.023870 -0.033181  0.014531    1.000000    0.009667
GCInterval -0.308829 -0.097010 -0.057142    0.009667    1.000000
R Means Squared
13.974796854374452
