
GC Util
15.161543959971409
1399
349.0
0.0
9.0
19.009625810022833
1.4653104113897744
0.14292266286293506
heapSize
107.68631165117944
1399
136.72
100.0
101.56
10.182925088276347
numThreads
98.65975696926375
1399
100.0
25.0
100.0
9.939446287479749
GCInterval
12.193674052894924
1399
116.8
0.0
10.0
11.508488237520115
Correlation
                Time   GC Util  heapSize  numThreads  GCInterval
Time        1.000000  0.108251  0.535793   -0.011196   -0.231621
GC Util     0.108251  1.000000 -0.012154   -0.033209   -0.061319
heapSize    0.535793 -0.012154  1.000000    0.039758   -0.087080
numThreads -0.011196 -0.033209  0.039758    1.000000    0.023845
GCInterval -0.231621 -0.061319 -0.087080    0.023845    1.000000
R Means Squared
19.69134598001483
