
GC Util
7.246488445854101
2207
5312.0
0.0
0.0
123.0920350715032
1.1358130115756004
0.25607911142865014
heapSize
106.92210693248755
2207
121.88
100.0
107.81
5.24562913086576
numThreads
99.86406887177164
2207
100.0
25.0
100.0
3.1907632913574036
GCInterval
11.226393294064339
2207
200.0
0.0
10.0
12.769534217067655
Correlation
                Time   GC Util  heapSize  numThreads  GCInterval
Time        1.000000 -0.068892  0.392080    0.050860   -0.114678
GC Util    -0.068892  1.000000 -0.057964   -0.004416    0.340324
heapSize    0.392080 -0.057964  1.000000    0.040378   -0.116153
numThreads  0.050860 -0.004416  0.040378    1.000000    0.020698
GCInterval -0.114678  0.340324 -0.116153    0.020698    1.000000
R Means Squared
123.09494569126278
