
GC Util
109.61061946902655
113
234.0
0.0
118.0
69.76471089469213
-26.2844275189278
1.98044721261926e-151
heapSize
17690.15221238938
113
24946.09
100.0
24946.09
11347.802912124014
numThreads
100.0
113
100.0
100.0
100.0
0.0
GCInterval
99.11504424778761
113
100
0
100.0
9.407208683835975
Correlation
                Time   GC Util  heapSize  numThreads  GCInterval
Time        1.000000  0.824011  0.617480         NaN    0.091694
GC Util     0.824011  1.000000  0.869551         NaN    0.149121
heapSize    0.617480  0.869551  1.000000         NaN    0.147122
numThreads       NaN       NaN       NaN         NaN         NaN
GCInterval  0.091694  0.149121  0.147122         NaN    1.000000
R Means Squared
121.43442091956793
