
GC Util
116.05309734513274
113
218.0
0.0
132.0
71.15323513224878
-24.339234522481096
3.110148054570653e-130
heapSize
17690.15221238938
113
24946.09
100.0
24946.09
11347.802912124014
numThreads
100.0
113
100.0
100.0
100.0
0.0
GCInterval
99.11504424778761
113
100
0
100.0
9.407208683835975
Correlation
                Time   GC Util  heapSize  numThreads  GCInterval
Time        1.000000  0.787910  0.629595         NaN    0.095918
GC Util     0.787910  1.000000  0.878025         NaN    0.154804
heapSize    0.629595  0.878025  1.000000         NaN    0.147122
numThreads       NaN       NaN       NaN         NaN         NaN
GCInterval  0.095918  0.154804  0.147122         NaN    1.000000
R Means Squared
127.53524586581192
