
GC Util
286.5084192439863
5820
3349.0
0.0
130.0
360.82802908429574
36.17669631056436
9.555499646655035e-267
heapSize
137.99361855670105
5820
337.5
100.0
135.94
25.773041471214725
numThreads
99.30412371134021
5820
100.0
25.0
100.0
7.191339488696012
GCInterval
81.51330756013745
5820
200.0
0.0
75.2
60.649323706288385
Correlation
                Time   GC Util  heapSize  numThreads  GCInterval
Time        1.000000  0.308099 -0.050553    0.081705    0.403272
GC Util     0.308099  1.000000  0.038405    0.043454    0.410966
heapSize   -0.050553  0.038405  1.000000    0.039609    0.142187
numThreads  0.081705  0.043454  0.039609    1.000000    0.094237
GCInterval  0.403272  0.410966  0.142187    0.094237    1.000000
R Means Squared
454.56726882831583
