
GC Util
104.72566371681415
113
222.0
0.0
118.0
68.17208370152208
-27.761172456957713
1.3973921690078643e-168
heapSize
17690.15221238938
113
24946.09
100.0
24946.09
11347.802912124014
numThreads
100.0
113
100.0
100.0
100.0
0.0
GCInterval
99.11504424778761
113
100
0
100.0
9.407208683835975
Correlation
                Time   GC Util  heapSize  numThreads  GCInterval
Time        1.000000  0.719623  0.618657         NaN    0.091874
GC Util     0.719623  1.000000  0.844786         NaN    0.145803
heapSize    0.618657  0.844786  1.000000         NaN    0.147122
numThreads       NaN       NaN       NaN         NaN         NaN
GCInterval  0.091874  0.145803  0.147122         NaN    1.000000
R Means Squared
116.53006752408643
