
GC Util
10.090133982947625
821
100.0
0.0
5.0
14.230734948594492
1.5799023511082853
0.11426194653993786
heapSize
100.15580998781974
821
101.56
100.0
100.0
0.46803166762530335
numThreads
99.72594397076736
821
100.0
25.0
100.0
4.528142002187967
GCInterval
12.689951278928138
821
100.0
0.0
10.0
13.722917434877052
Correlation
                Time   GC Util  heapSize  numThreads  GCInterval
Time        1.000000 -0.328711  0.071079    0.047157   -0.391410
GC Util    -0.328711  1.000000  0.001602   -0.040778   -0.094381
heapSize    0.071079  0.001602  1.000000   -0.047152   -0.062255
numThreads  0.047157 -0.040778 -0.047152    1.000000    0.003047
GCInterval -0.391410 -0.094381 -0.062255    0.003047    1.000000
R Means Squared
14.222351214058428
