
GC Util
21.761136506229274
11157
1887.0
0.0
16.0
41.42349693054994
12.717278917875667
6.541569955920329e-37
heapSize
451.9069113560994
11157
24946.09
100.0
105.47
2897.9456338999307
numThreads
96.39688088195751
11157
100.0
25.0
100.0
16.039779485582088
GCInterval
12.069552747154253
11157
200.0
0.0
10.0
17.441775873797553
Correlation
                Time   GC Util  heapSize  numThreads  GCInterval
Time        1.000000 -0.102451  0.003449   -0.027139   -0.084144
GC Util    -0.102451  1.000000 -0.031583    0.013042    0.077680
heapSize    0.003449 -0.031583  1.000000    0.012227   -0.004306
numThreads -0.027139  0.013042  0.012227    1.000000    0.002895
GCInterval -0.084144  0.077680 -0.004306    0.002895    1.000000
R Means Squared
43.05899015889283
