
GC Util
17.27844803948451
7294
199.0
0.0
12.0
17.224155436858677
25.904012820226832
1.0166726592191147e-144
heapSize
118.14728406909789
7294
182.03
100.0
115.62
13.14187511624633
numThreads
98.56046065259117
7294
100.0
25.0
100.0
10.291146552293641
GCInterval
11.403893611187277
7294
200.0
0.0
10.0
12.242691495459162
Correlation
                Time   GC Util  heapSize  numThreads  GCInterval
Time        1.000000  0.131158  0.200925   -0.042777   -0.022478
GC Util     0.131158  1.000000 -0.207832   -0.022279   -0.000945
heapSize    0.200925 -0.207832  1.000000    0.015934   -0.051115
numThreads -0.042777 -0.022279  0.015934    1.000000   -0.002339
GCInterval -0.022478 -0.000945 -0.051115   -0.002339    1.000000
R Means Squared
18.69777160547999
