
GC Util
146.46896551724137
145
277.0
0.0
167.0
83.60747035771898
-11.136566810076252
1.0548062554193538e-28
heapSize
19291.462620689657
145
24946.09
100.0
24946.09
10453.429344157632
numThreads
100.0
145
100.0
100.0
100.0
0.0
GCInterval
99.3103448275862
145
100
0
100.0
8.304547985373995
Correlation
                Time   GC Util  heapSize  numThreads  GCInterval
Time        1.000000  0.854839  0.804286         NaN    0.131152
GC Util     0.854839  1.000000  0.844855         NaN    0.146495
heapSize    0.804286  0.844855  1.000000         NaN    0.153522
numThreads       NaN       NaN       NaN         NaN         NaN
GCInterval  0.131152  0.146495  0.153522         NaN    1.000000
R Means Squared
159.8930245831407
