
GC Util
66.33414992650661
2041
1839.0
0.0
28.0
146.3070436930199
10.583712984081483
6.871579981032847e-26
heapSize
378.4878441940225
2041
24946.09
100.0
133.59
2444.809109924226
numThreads
98.19941205291524
2041
100.0
25.0
100.0
11.483317808431627
GCInterval
38.314404703576685
2041
200.0
0.0
10.0
59.00282733131588
Correlation
                Time   GC Util  heapSize  numThreads  GCInterval
Time        1.000000  0.125098  0.053432    0.020154    0.206514
GC Util     0.125098  1.000000 -0.010300    0.045436    0.455489
heapSize    0.053432 -0.010300  1.000000   -0.016126    0.002495
numThreads  0.020154  0.045436 -0.016126    1.000000    0.057658
GCInterval  0.206514  0.455489  0.002495    0.057658    1.000000
R Means Squared
156.7443766392762
