
GC Util
12.066876475216365
1271
704.0
0.0
4.0
37.270571823027325
3.822384691694365
0.00013424992418768135
heapSize
102.67095987411487
1271
147.66
100.0
100.0
6.709807150082782
numThreads
99.35090479937057
1271
100.0
25.0
100.0
6.949734966876603
GCInterval
13.572226593233674
1271
200.0
0.0
10.0
17.779999703257246
Correlation
                Time   GC Util  heapSize  numThreads  GCInterval
Time        1.000000  0.102650  0.352544   -0.052424   -0.122193
GC Util     0.102650  1.000000  0.113449   -0.019440    0.009018
heapSize    0.352544  0.113449  1.000000    0.026330    0.074595
numThreads -0.052424 -0.019440  0.026330    1.000000    0.018780
GCInterval -0.122193  0.009018  0.074595    0.018780    1.000000
R Means Squared
37.313195882146275
