
GC Util
5.066730238194569
50337
748.0
0.0
4.0
8.772166606248119
2.7052141046452225
0.006827276348109969
heapSize
190.59117786121539
50337
250.78
100.0
196.88
25.266034149597232
numThreads
99.92252220036951
50337
100.0
25.0
100.0
2.4093458623727653
GCInterval
103.39270020064765
50337
107.25
0.0
103.65
3.878903031979388
Correlation
                Time   GC Util  heapSize  numThreads  GCInterval
Time        1.000000 -0.175912  0.764160    0.039745    0.136949
GC Util    -0.175912  1.000000 -0.241690   -0.023161   -0.151905
heapSize    0.764160 -0.241690  1.000000    0.071779    0.207797
numThreads  0.039745 -0.023161  0.071779    1.000000    0.027011
GCInterval  0.136949 -0.151905  0.207797    0.027011    1.000000
R Means Squared
17.319120186430492
