
GC Util
22.120222634508348
2695
117.0
0.0
7.0
29.784346445652652
-86.82876267797877
0.0
heapSize
163.6873469387755
2695
257.81
100.0
164.06
38.464481859381586
numThreads
99.22077922077922
2695
100.0
25.0
100.0
7.60630273282714
GCInterval
99.96289424860854
2695
100
0
100.0
1.926285321323549
Correlation
                Time   GC Util  heapSize  numThreads  GCInterval
Time        1.000000 -0.186407  0.990165    0.115230    0.040082
GC Util    -0.186407  1.000000 -0.200087   -0.019985    0.014311
heapSize    0.990165 -0.200087  1.000000    0.133702    0.031906
numThreads  0.115230 -0.019985  0.133702    1.000000   -0.001974
GCInterval  0.040082  0.014311  0.031906   -0.001974    1.000000
R Means Squared
29.854203546364374
