
GC Util
44.053412462908014
337
112.0
0.0
30.0
33.15929440269689
-3.239183476379748
0.0012521941045757932
heapSize
106.01804154302671
337
114.06
100.0
106.25
4.558233493536983
numThreads
96.88427299703264
337
100.0
25.0
100.0
14.987940255943341
GCInterval
99.70326409495549
337
100
0
100.0
5.447347107028435
Correlation
                Time   GC Util  heapSize  numThreads  GCInterval
Time        1.000000  0.475346  0.992912   -0.016180    0.068989
GC Util     0.475346  1.000000  0.474154    0.095552    0.072586
heapSize    0.992912  0.474154  1.000000   -0.030998    0.072133
numThreads -0.016180  0.095552 -0.030998    1.000000   -0.011358
GCInterval  0.068989  0.072586  0.072133   -0.011358    1.000000
R Means Squared
40.92484245504589
