
GC Util
60.131453610211466
5249
197.0
0.0
57.0
33.556795959541546
0.9305980633222458
0.35208210546430296
heapSize
100.0
5249
100
100
100.0
0.0
numThreads
97.91388835968756
5249
100.0
25.0
100.0
12.334321828045855
GCInterval
99.98094875214326
5249
100
0
100.0
1.3802625785239058
Correlation
                Time   GC Util  heapSize  numThreads  GCInterval
Time        1.000000  0.495815       NaN    0.190431    0.028722
GC Util     0.495815  1.000000       NaN    0.153691    0.024738
heapSize         NaN       NaN       NaN         NaN         NaN
numThreads  0.190431  0.153691       NaN    1.000000   -0.002335
GCInterval  0.028722  0.024738       NaN   -0.002335    1.000000
R Means Squared
52.31039663138218
