
GC Util
69.58976881455976
10165
165.0
0.0
81.0
32.2129580917941
-62.508135395152536
0.0
heapSize
235.01627742252828
10165
371.88
100.0
235.94
72.85419342292633
numThreads
97.71273979340876
10165
100.0
25.0
100.0
12.89687245750072
GCInterval
99.99016232169208
10165
100
0
100.0
0.991850709931658
Correlation
                Time   GC Util  heapSize  numThreads  GCInterval
Time        1.000000  0.181624  0.950429    0.033296    0.029685
GC Util     0.181624  1.000000  0.165425    0.217203    0.021429
heapSize    0.950429  0.165425  1.000000    0.025834    0.018383
numThreads  0.033296  0.217203  0.025834    1.000000   -0.001759
GCInterval  0.029685  0.021429  0.018383   -0.001759    1.000000
R Means Squared
59.13305130812502
