
GC Util
47.99343185550082
609
118.0
0.0
32.0
28.593106621390532
-34.53863006853769
2.7666527002745266e-189
heapSize
112.5614449917898
609
126.56
100.0
112.5
8.444948537634872
numThreads
93.8423645320197
609
100.0
25.0
100.0
20.605906911925775
GCInterval
99.83579638752053
609
100
0
100.0
4.052204492365537
Correlation
                Time   GC Util  heapSize  numThreads  GCInterval
Time        1.000000  0.475422  0.947708   -0.119834    0.099194
GC Util     0.475422  1.000000  0.421587    0.228977    0.068128
heapSize    0.947708  0.421587  1.000000   -0.110774    0.060374
numThreads -0.119834  0.228977 -0.110774    1.000000   -0.012129
GCInterval  0.099194  0.068128  0.060374   -0.012129    1.000000
R Means Squared
39.99819371947961
