
GC Util
20.462865615312037
7419
121.0
0.0
14.0
17.521825235835916
-193.19841943385333
0.0
heapSize
278.7429087478097
7419
459.38
100.0
278.12
104.56913246686699
numThreads
97.37161342498989
7419
100.0
25.0
100.0
13.792977207489814
GCInterval
99.98652109448713
7419
100
0
100.0
1.1609868867852196
Correlation
                Time   GC Util  heapSize  numThreads  GCInterval
Time        1.000000 -0.160980  0.514742    0.105027    0.081755
GC Util    -0.160980  1.000000 -0.471908   -0.099552    0.013560
heapSize    0.514742 -0.471908  1.000000    0.225708    0.019848
numThreads  0.105027 -0.099552  0.225708    1.000000   -0.002213
GCInterval  0.081755  0.013560  0.019848   -0.002213    1.000000
R Means Squared
17.52675731553255
