
GC Util
72.16269485755241
5581
153.0
0.0
83.0
28.859194298042006
-153.05244780695392
0.0
heapSize
233.90183121304423
5581
376.56
100.0
234.38
78.70852948236858
numThreads
97.04354058412471
5581
100.0
25.0
100.0
14.595614918376343
GCInterval
99.98208206414621
5581
100
0
100.0
1.338578942527845
Correlation
                Time   GC Util  heapSize  numThreads  GCInterval
Time        1.000000  0.143725  0.994620    0.038897    0.030716
GC Util     0.143725  1.000000  0.137624    0.316281    0.033477
heapSize    0.994620  0.137624  1.000000    0.038709    0.022776
numThreads  0.038897  0.316281  0.038709    1.000000   -0.002712
GCInterval  0.030716  0.033477  0.022776   -0.002712    1.000000
R Means Squared
59.612503724058186
