
GC Util
10.34920634920635
1575
87.0
0.0
6.0
14.114703835481812
2.42683770032342
0.015287041207804388
heapSize
100.27535238095237
1575
101.56
100.0
100.0
0.5949416057474978
numThreads
99.42857142857143
1575
100.0
25.0
100.0
6.523621154254769
GCInterval
99.7931746031746
1575
106.45
0.0
102.45
15.692239422672122
Correlation
                Time   GC Util  heapSize  numThreads  GCInterval
Time        1.000000 -0.272069  0.198166    0.102470    0.329495
GC Util    -0.272069  1.000000 -0.027745    0.014588   -0.174884
heapSize    0.198166 -0.027745  1.000000    0.040566    0.077942
numThreads  0.102470  0.014588  0.040566    1.000000   -0.000690
GCInterval  0.329495 -0.174884  0.077942   -0.000690    1.000000
R Means Squared
17.09491709474458
