
GC Util
21.367680529691704
4833
347.0
0.0
16.0
23.115557100578457
-4.295295407055065
1.7617611272640748e-05
heapSize
271.8537595696255
4833
685.16
100.0
248.44
167.60557879550169
numThreads
95.65487274984481
4833
100.0
25.0
100.0
17.523354377033066
GCInterval
98.49127870887646
4833
108.85
0.0
101.25
11.318876810311858
Correlation
                Time   GC Util  heapSize  numThreads  GCInterval
Time        1.000000  0.038127  0.843943    0.036712    0.069320
GC Util     0.038127  1.000000  0.031902   -0.045256   -0.085896
heapSize    0.843943  0.031902  1.000000    0.090635   -0.039984
numThreads  0.036712 -0.045256  0.090635    1.000000   -0.003259
GCInterval  0.069320 -0.085896 -0.039984   -0.003259    1.000000
R Means Squared
23.153595220898577
