
GC Util
49.478390461997016
671
161.0
0.0
37.0
30.422630928790518
-12.211948085650995
7.990058980463399e-33
heapSize
113.64101341281669
671
126.56
100.0
114.06
8.73148833382376
numThreads
98.65871833084948
671
100.0
25.0
100.0
9.94708736322291
GCInterval
99.85096870342772
671
100
0
100.0
3.860457182410913
Correlation
                Time   GC Util  heapSize  numThreads  GCInterval
Time        1.000000  0.479839  0.805460   -0.072242    0.125933
GC Util     0.479839  1.000000  0.349789    0.096820    0.062879
heapSize    0.805460  0.349789  1.000000   -0.022591    0.060401
numThreads -0.072242  0.096820 -0.022591    1.000000   -0.005213
GCInterval  0.125933  0.062879  0.060401   -0.005213    1.000000
R Means Squared
42.3453968909721
