
GC Util
40.818652849740936
193
111.0
0.0
32.0
36.138669043824336
-2.226594013692618
0.02652103011796577
heapSize
102.58984455958549
193
106.25
100.0
101.56
2.3371359958745304
numThreads
96.89119170984456
193
100.0
25.0
100.0
14.98866151773614
GCInterval
99.48186528497409
193
100
0
100.0
7.198157507486948
Correlation
                Time   GC Util  heapSize  numThreads  GCInterval
Time        1.000000  0.550294  0.744678   -0.123443    0.149372
GC Util     0.550294  1.000000  0.507785    0.030684    0.081727
heapSize    0.744678  0.507785  1.000000   -0.152336    0.080180
numThreads -0.123443  0.030684 -0.152336    1.000000   -0.015008
GCInterval  0.149372  0.081727  0.080180   -0.015008    1.000000
R Means Squared
41.62514684347591
