
GC Util
43.93813090198633
3071
2423.0
0.0
22.0
97.0070185258808
4.388837702074193
1.1598602351428247e-05
heapSize
167.70886356235755
3071
421.88
100.0
101.56
96.25591778776052
numThreads
98.33930315858026
3071
100.0
25.0
100.0
11.037844967827635
GCInterval
94.07862259850212
3071
106.85
0.0
99.65
14.671252320418267
Correlation
                Time   GC Util  heapSize  numThreads  GCInterval
Time        1.000000  0.217461  0.811626   -0.017077   -0.267570
GC Util     0.217461  1.000000  0.279755    0.030295   -0.282476
heapSize    0.811626  0.279755  1.000000    0.035019   -0.448261
numThreads -0.017077  0.030295  0.035019    1.000000   -0.042912
GCInterval -0.267570 -0.282476 -0.448261   -0.042912    1.000000
R Means Squared
99.90160903666477
