
GC Util
10.836438923395445
1449
92.0
0.0
8.0
14.4574111647355
3.2862678929091915
0.0010268885802569541
heapSize
100.0
1449
100.0
100.0
100.0
0.0
numThreads
98.86128364389234
1449
100.0
25.0
100.0
9.17415591479186
GCInterval
100.57139406487234
1449
110.05
0.0
103.25
15.345134646179702
Correlation
                Time   GC Util  heapSize  numThreads  GCInterval
Time        1.000000 -0.194857       NaN    0.194114    0.410233
GC Util    -0.194857  1.000000       NaN   -0.074822   -0.061334
heapSize         NaN       NaN       NaN         NaN         NaN
numThreads  0.194114 -0.074822       NaN    1.000000    0.228064
GCInterval  0.410233 -0.061334       NaN    0.228064    1.000000
R Means Squared
17.11266607617424
