
GC Util
16.624943247302063
28633
158.0
0.0
12.0
14.344009307556059
-166.9276976929382
0.0
heapSize
511.0963454755003
28633
893.75
100.0
521.88
232.50435288854052
numThreads
98.9103481996298
28633
100.0
25.0
100.0
8.974372223035152
GCInterval
99.99650752628087
28633
100
0
100.0
0.5909715491574248
Correlation
                Time   GC Util  heapSize  numThreads  GCInterval
Time        1.000000 -0.307212  0.938120    0.117849    0.037350
GC Util    -0.307212  1.000000 -0.356718   -0.101947    0.006850
heapSize    0.938120 -0.356718  1.000000    0.126382    0.010449
numThreads  0.117849 -0.101947  0.126382    1.000000   -0.000718
GCInterval  0.037350  0.006850  0.010449   -0.000718    1.000000
R Means Squared
14.735481848702795
