
GC Util
13.172866520787746
2285
233.0
0.0
6.0
18.576116873365812
-1.2491930442676638
0.21165910465513937
heapSize
114.9015579868709
2285
152.34
100.0
112.5
14.671941547133677
numThreads
97.96498905908096
2285
100.0
25.0
100.0
12.188090982118945
GCInterval
100.36803063457332
2285
110.45
0.0
102.85
13.91471037010202
Correlation
                Time   GC Util  heapSize  numThreads  GCInterval
Time        1.000000 -0.002464  0.762973    0.108229    0.288744
GC Util    -0.002464  1.000000  0.032654   -0.074444   -0.050749
heapSize    0.762973  0.032654  1.000000    0.049153    0.059134
numThreads  0.108229 -0.074444  0.049153    1.000000    0.068565
GCInterval  0.288744 -0.050749  0.059134    0.068565    1.000000
R Means Squared
19.787138585244833
