
GC Util
18.911917509418995
25215
1213.0
0.0
10.0
46.10547232123496
14.98236003729238
1.1948384795916644e-50
heapSize
356.5948752726552
25215
438.28
100.0
390.62
99.28393597608854
numThreads
98.2153480071386
25215
100.0
25.0
100.0
11.431058521678674
GCInterval
100.38113226254214
25215
111.25
0.0
102.45
11.230439745481474
Correlation
                Time   GC Util  heapSize  numThreads  GCInterval
Time        1.000000 -0.056741  0.339409    0.028796    0.126407
GC Util    -0.056741  1.000000 -0.050140   -0.019251   -0.457020
heapSize    0.339409 -0.050140  1.000000    0.004159    0.092707
numThreads  0.028796 -0.019251  0.004159    1.000000    0.027181
GCInterval  0.126407 -0.457020  0.092707    0.027181    1.000000
R Means Squared
46.11739582736732
