
GC Util
14.726748112222973
16289
120.0
0.0
12.0
9.691359206105066
-453.8269342335334
0.0
heapSize
495.29129105531337
16289
892.19
100.0
495.31
229.60210550529573
numThreads
98.60949106759162
16289
100.0
25.0
100.0
10.117358296141068
GCInterval
99.99386088771564
16289
100
0
100.0
0.783524874165695
Correlation
                Time   GC Util  heapSize  numThreads  GCInterval
Time        1.000000 -0.340118  0.990769    0.194760    0.016246
GC Util    -0.340118  1.000000 -0.363701   -0.176412    0.011907
heapSize    0.990769 -0.363701  1.000000    0.205531    0.013490
numThreads  0.194760 -0.176412  0.205531    1.000000   -0.001077
GCInterval  0.016246  0.011907  0.013490   -0.001077    1.000000
R Means Squared
11.032853788999894
