
GC Util
22.145495665284585
2653
114.0
0.0
7.0
30.239889542788184
-85.97698656422932
0.0
heapSize
162.4398869204674
2653
232.81
100.0
162.5
37.4399150604111
numThreads
98.13418771202413
2653
100.0
25.0
100.0
11.683583337240124
GCInterval
99.96230682246514
2653
100
0
100.0
1.9414730885301033
Correlation
                Time   GC Util  heapSize  numThreads  GCInterval
Time        1.000000 -0.043182  0.298332    0.052207    0.082623
GC Util    -0.043182  1.000000 -0.225794   -0.042776    0.014223
heapSize    0.298332 -0.225794  1.000000    0.210064    0.032391
numThreads  0.052207 -0.042776  0.210064    1.000000   -0.003102
GCInterval  0.082623  0.014223  0.032391   -0.003102    1.000000
R Means Squared
30.3102191612203
