
GC Util
47.11572700296736
337
129.0
0.0
31.0
36.818509459645604
-2.3119895203574523
0.02105157282755267
heapSize
106.06433234421362
337
114.06
100.0
106.25
4.625118941449173
numThreads
96.43916913946587
337
100.0
25.0
100.0
15.973098941151234
GCInterval
99.70326409495549
337
100
0
100.0
5.447347107028435
Correlation
                Time   GC Util  heapSize  numThreads  GCInterval
Time        1.000000  0.510340  0.700617   -0.114100    0.123620
GC Util     0.510340  1.000000  0.481949    0.110013    0.069916
heapSize    0.700617  0.481949  1.000000   -0.065536    0.071637
numThreads -0.114100  0.110013 -0.065536    1.000000   -0.012180
GCInterval  0.123620  0.069916  0.071637   -0.012180    1.000000
R Means Squared
45.68197379678691
