
GC Util
56.2962962962963
513
141.0
0.0
39.0
34.3302823617435
-24.748383283080386
1.610222650060747e-108
heapSize
110.23376218323587
513
121.88
100.0
109.38
7.06729605391236
numThreads
96.78362573099415
513
100.0
25.0
100.0
15.209666337880297
GCInterval
99.80506822612085
513
100
0
100.0
4.415107856883482
Correlation
                Time   GC Util  heapSize  numThreads  GCInterval
Time        1.000000  0.466466  0.841862    0.057575    0.119618
GC Util     0.466466  1.000000  0.301143    0.151637    0.072542
heapSize    0.841862  0.301143  1.000000    0.089755    0.064058
numThreads  0.057575  0.151637  0.089755    1.000000   -0.009355
GCInterval  0.119618  0.072542  0.064058   -0.009355    1.000000
R Means Squared
49.936880236927806
