
GC Util
2.0428488708743484
1727
100.0
0.0
0.0
6.562332784761671
-4.140645281754629
3.5445345661761926e-05
heapSize
100.32880138969308
1727
103.12
100.0
100.0
0.7427588713359424
numThreads
99.56572090330052
1727
100.0
25.0
100.0
5.6921960094407344
GCInterval
101.94803126809497
1727
107.65
0.0
104.05
13.977970756082092
Correlation
                Time   GC Util  heapSize  numThreads  GCInterval
Time        1.000000 -0.191610  0.720634    0.082024    0.170542
GC Util    -0.191610  1.000000 -0.006601   -0.255422   -0.225675
heapSize    0.720634 -0.006601  1.000000    0.033793    0.047873
numThreads  0.082024 -0.255422  0.033793    1.000000    0.227944
GCInterval  0.170542 -0.225675  0.047873    0.227944    1.000000
R Means Squared
19.118016434845195
