
GC Util
13.206881340979267
2267
176.0
0.0
7.0
17.89646072702296
-1.2100495848019082
0.22632334052875402
heapSize
114.70635200705779
2267
157.03
100.0
106.25
15.735469071715906
numThreads
98.08116453462726
2267
100.0
25.0
100.0
11.844518354912275
GCInterval
99.66318923687693
2267
106.85
0.0
101.65
13.24904916973099
Correlation
                Time   GC Util  heapSize  numThreads  GCInterval
Time        1.000000  0.036413  0.815919    0.032597    0.209267
GC Util     0.036413  1.000000  0.063566   -0.051839   -0.086539
heapSize    0.815919  0.063566  1.000000    0.061570    0.076808
numThreads  0.032597 -0.051839  0.061570    1.000000   -0.012662
GCInterval  0.209267 -0.086539  0.076808   -0.012662    1.000000
R Means Squared
19.13866471275381
