
GC Util
62.33063720654962
5069
149.0
0.0
73.0
27.72650797847985
-31.72068042745165
8.767546639679649e-214
heapSize
172.59444466364175
5069
235.94
100.0
173.44
37.465025418247386
numThreads
99.2010258433616
5069
100.0
25.0
100.0
7.700415566354646
GCInterval
99.98027224304596
5069
100
0
100.0
1.4045553372521262
Correlation
                Time   GC Util  heapSize  numThreads  GCInterval
Time        1.000000  0.220534  0.796856   -0.056897    0.035774
GC Util     0.220534  1.000000  0.249398    0.122951    0.031581
heapSize    0.796856  0.249398  1.000000   -0.076717    0.027221
numThreads -0.056897  0.122951 -0.076717    1.000000   -0.001458
GCInterval  0.035774  0.031581  0.027221   -0.001458    1.000000
R Means Squared
50.60128883771517
