
GC Util
18.73174859604585
12999
151.0
0.0
13.0
16.080085020878776
-90.14518597944115
0.0
heapSize
282.52750519270717
12999
459.38
100.0
281.25
101.3209687481435
numThreads
98.06138933764136
12999
100.0
25.0
100.0
11.90161691755519
GCInterval
99.9923071005462
12999
100
0
100.0
0.8770917542540313
Correlation
                Time   GC Util  heapSize  numThreads  GCInterval
Time        1.000000 -0.419138  0.961788    0.168585    0.022947
GC Util    -0.419138  1.000000 -0.481671   -0.108665    0.010218
heapSize    0.961788 -0.481671  1.000000    0.185990    0.015802
numThreads  0.168585 -0.108665  0.185990    1.000000   -0.001429
GCInterval  0.022947  0.010218  0.015802   -0.001429    1.000000
R Means Squared
16.129404962328987
