
GC Util
8.84895775275889
8971
135.0
0.0
6.0
12.232011741019551
-1.0389790657275726
0.2988297739589955
heapSize
148.18374317244454
8971
188.28
100.0
156.25
24.260227951921287
numThreads
99.59870694459926
8971
100.0
25.0
100.0
5.47167984983619
GCInterval
102.11392821313119
8971
106.85
0.0
102.85
7.157546571879594
Correlation
                Time   GC Util  heapSize  numThreads  GCInterval
Time        1.000000 -0.248219  0.822415    0.082024    0.203635
GC Util    -0.248219  1.000000 -0.200158   -0.047128   -0.117018
heapSize    0.822415 -0.200158  1.000000    0.092732    0.188094
numThreads  0.082024 -0.047128  0.092732    1.000000    0.040621
GCInterval  0.203635 -0.117018  0.188094    0.040621    1.000000
R Means Squared
16.551470509039156
