
GC Util
45.79111367570687
1733
119.0
0.0
42.0
36.25570261070611
-102.2641993526491
0.0
heapSize
140.08398153491058
1733
187.5
100.0
140.62
24.6083247936501
numThreads
99.8268897864974
1733
100.0
25.0
100.0
3.6001080090248743
GCInterval
99.94229659549913
1733
100
0
100.0
2.402153294460318
Correlation
                Time   GC Util  heapSize  numThreads  GCInterval
Time        1.000000  0.219854  0.976844   -0.030642    0.030617
GC Util     0.219854  1.000000  0.247162    0.022946    0.030357
heapSize    0.976844  0.247162  1.000000   -0.023972    0.039151
numThreads -0.030642  0.022946 -0.023972    1.000000   -0.001156
GCInterval  0.030617  0.030357  0.039151   -0.001156    1.000000
R Means Squared
44.484817848813584
