
GC Util
49.881773399014776
609
147.0
0.0
49.0
28.94713556426955
-33.80934157611442
2.1413218463083965e-183
heapSize
112.5614449917898
609
126.56
100.0
112.5
8.444948537634872
numThreads
98.52216748768473
609
100.0
25.0
100.0
10.432265133737062
GCInterval
99.83579638752053
609
100
0
100.0
4.052204492365538
Correlation
                Time   GC Util  heapSize  numThreads  GCInterval
Time        1.000000  0.506276  0.775295   -0.079689    0.131759
GC Util     0.506276  1.000000  0.388992    0.111345    0.069943
heapSize    0.775295  0.388992  1.000000   -0.104009    0.060374
numThreads -0.079689  0.111345 -0.104009    1.000000   -0.005750
GCInterval  0.131759  0.069943  0.060374   -0.005750    1.000000
R Means Squared
41.58703062956725
