
GC Util
1.996545768566494
1737
95.0
0.0
0.0
8.955213040233843
-4.01869022524942
5.974331091939068e-05
heapSize
100.42598733448474
1737
106.25
100.0
100.0
1.0765810182144142
numThreads
99.82728842832469
1737
100.0
25.0
100.0
3.5959676059897974
GCInterval
103.95253310305124
1737
111.25
0.0
106.05
14.463734719494616
Correlation
                Time   GC Util  heapSize  numThreads  GCInterval
Time        1.000000 -0.069188  0.363907    0.003823    0.324247
GC Util    -0.069188  1.000000 -0.015719   -0.069781   -0.052990
heapSize    0.363907 -0.015719  1.000000   -0.120480    0.038771
numThreads  0.003823 -0.069781 -0.120480    1.000000    0.005989
GCInterval  0.324247 -0.052990  0.038771    0.005989    1.000000
R Means Squared
20.106566979316106
