
GC Util
33.38588356517259
1941
125.0
0.0
13.0
30.473192318956105
-41.69140224168346
0.0
heapSize
142.8612467800103
1941
190.62
100.0
142.19
26.26189098748513
numThreads
99.38176197836167
1941
100.0
25.0
100.0
6.783018303543278
GCInterval
99.94848016486347
1941
100
0
100.0
2.269798121783687
Correlation
                Time   GC Util  heapSize  numThreads  GCInterval
Time        1.000000  0.152240  0.981837    0.081717    0.035465
GC Util     0.152240  1.000000  0.150265    0.041554    0.024880
heapSize    0.981837  0.150265  1.000000    0.097970    0.037064
numThreads  0.081717  0.041554  0.097970    1.000000   -0.002070
GCInterval  0.035465  0.024880  0.037064   -0.002070    1.000000
R Means Squared
33.27640166513644
