
GC Util
43.2447789275635
5315
4258.0
0.0
34.0
101.30844265779476
3.303187479922862
0.0009589119428888238
heapSize
175.62077516462838
5315
742.19
100.0
100.0
134.2139417062414
numThreads
97.43179680150517
5315
100.0
25.0
100.0
13.640182468842447
GCInterval
91.91662276575728
5315
109.25
0.0
96.45
15.708017113345855
Correlation
                Time   GC Util  heapSize  numThreads  GCInterval
Time        1.000000  0.044242  0.223664   -0.018587    0.006025
GC Util     0.044242  1.000000  0.086783    0.028644   -0.227827
heapSize    0.223664  0.086783  1.000000   -0.004718   -0.251210
numThreads -0.018587  0.028644 -0.004718    1.000000   -0.034930
GCInterval  0.006025 -0.227827 -0.251210   -0.034930    1.000000
R Means Squared
103.93165675401791
