
GC Util
65.51588417205511
10671
164.0
0.0
76.0
31.12365978586159
-69.39490393904364
0.0
heapSize
240.68707525067944
10671
378.12
100.0
240.62
76.30062302402034
numThreads
98.2288445319089
10671
100.0
25.0
100.0
11.389109884446135
GCInterval
99.99062880704713
10671
100
0
100.0
0.9680492215204191
Correlation
                Time   GC Util  heapSize  numThreads  GCInterval
Time        1.000000  0.170828  0.992777    0.026205    0.023216
GC Util     0.170828  1.000000  0.175179    0.191555    0.020380
heapSize    0.992777  0.175179  1.000000    0.028310    0.017851
numThreads  0.026205  0.191555  0.028310    1.000000   -0.001506
GCInterval  0.023216  0.020380  0.017851   -0.001506    1.000000
R Means Squared
55.13879880222343
