
GC Util
42.19701492537313
335
136.0
0.0
30.0
34.88745794123689
-19.76914051283404
4.7631897481293615e-70
heapSize
106.00728358208956
335
114.06
100.0
106.25
4.585637767716252
numThreads
95.07462686567165
335
100.0
25.0
100.0
18.60583373265762
GCInterval
99.70149253731343
335
100
0
100.0
5.46358364708153
Correlation
                Time   GC Util  heapSize  numThreads  GCInterval
Time        1.000000  0.403823  0.991490   -0.137595    0.068620
GC Util     0.403823  1.000000  0.411005    0.114967    0.066281
heapSize    0.991490  0.411005  1.000000   -0.153754    0.071788
numThreads -0.137595  0.114967 -0.153754    1.000000   -0.014507
GCInterval  0.068620  0.066281  0.071788   -0.014507    1.000000
R Means Squared
41.30628227308627
