
GC Util
23.332995309925213
7889
830.0
0.0
15.0
35.00378170912776
-0.6503855680983197
0.5154530942226867
heapSize
504.06053238686786
7889
1217.97
100.0
482.81
328.39992616073897
numThreads
97.92749397895804
7889
100.0
25.0
100.0
12.294788792815215
GCInterval
98.34721130688301
7889
105.65
0.0
101.25
10.107530465732662
Correlation
                Time   GC Util  heapSize  numThreads  GCInterval
Time        1.000000 -0.147538  0.969407    0.102998    0.192397
GC Util    -0.147538  1.000000 -0.148443   -0.000871   -0.121925
heapSize    0.969407 -0.148443  1.000000    0.113272    0.168094
numThreads  0.102998 -0.000871  0.113272    1.000000   -0.011202
GCInterval  0.192397 -0.121925  0.168094   -0.011202    1.000000
R Means Squared
35.15989588459832
