
GC Util
43.343699731903484
1865
125.0
0.0
36.0
36.11269830397489
-107.03347591937333
0.0
heapSize
143.19867024128686
1865
190.62
100.0
143.75
26.296841729114014
numThreads
99.59785522788204
1865
100.0
25.0
100.0
5.478615833309257
GCInterval
99.94638069705094
1865
100
0
100.0
2.315584223237445
Correlation
                Time   GC Util  heapSize  numThreads  GCInterval
Time        1.000000  0.224938  0.981055    0.043008    0.035349
GC Util     0.224938  1.000000  0.247219    0.034865    0.027807
heapSize    0.981055  0.247219  1.000000    0.048206    0.038059
numThreads  0.043008  0.034865  0.048206    1.000000   -0.001701
GCInterval  0.035349  0.027807  0.038059   -0.001701    1.000000
R Means Squared
42.99251134990351
