
GC Util
45.88669728902099
11103
142.0
0.0
47.0
23.558444603220387
-435.25333841377983
0.0
heapSize
368.68216157795194
11103
640.62
100.0
368.75
156.50145776679258
numThreads
99.39205620102675
11103
100.0
25.0
100.0
6.725344820732175
GCInterval
99.9909934252004
11103
100
0
100.0
0.9490297571522038
Correlation
                Time   GC Util  heapSize  numThreads  GCInterval
Time        1.000000  0.358559  0.980341    0.022966    0.013107
GC Util     0.358559  1.000000  0.364301    0.062073    0.018487
heapSize    0.980341  0.364301  1.000000    0.038151    0.016294
numThreads  0.022966  0.062073  0.038151    1.000000   -0.000858
GCInterval  0.013107  0.018487  0.016294   -0.000858    1.000000
R Means Squared
35.0010203013878
