
GC Util
34.064516129032256
837
128.0
0.0
29.0
18.53912570679984
-9.585058450393753
3.232432054896316e-21
heapSize
116.61409796893666
837
131.25
100.0
117.19
9.936408237639583
numThreads
96.95340501792114
837
100.0
25.0
100.0
14.814691999428051
GCInterval
99.8805256869773
837
100
0
100.0
3.4565056491014174
Correlation
                Time   GC Util  heapSize  numThreads  GCInterval
Time        1.000000  0.302374  0.502114   -0.021496    0.146817
GC Util     0.302374  1.000000  0.085192    0.043833    0.063587
heapSize    0.502114  0.085192  1.000000    0.087174    0.057863
numThreads -0.021496  0.043833  0.087174    1.000000   -0.007117
GCInterval  0.146817  0.063587  0.057863   -0.007117    1.000000
R Means Squared
23.261538291347133
