
GC Util
69.3413744740533
10695
159.0
0.0
80.0
28.0146082577728
-234.24526570419044
0.0
heapSize
358.73859373539034
10695
623.44
100.0
359.38
150.77970640833243
numThreads
97.22300140252455
10695
100.0
25.0
100.0
14.162694953249048
GCInterval
99.99064983637214
10695
100
0
100.0
0.9669624412490638
Correlation
                Time   GC Util  heapSize  numThreads  GCInterval
Time        1.000000  0.002514  0.995642    0.007476    0.018128
GC Util     0.002514  1.000000  0.007552    0.298326    0.023936
heapSize    0.995642  0.007552  1.000000    0.007732    0.016595
numThreads  0.007476  0.298326  0.007732    1.000000   -0.001896
GCInterval  0.018128  0.023936  0.016595   -0.001896    1.000000
R Means Squared
56.739017695341346
