
GC Util
70.84235815930512
5411
163.0
0.0
83.0
30.436007628350815
-151.48930056495493
0.0
heapSize
229.7720864904823
5411
371.88
100.0
229.69
76.34734299449184
numThreads
96.72888560340049
5411
100.0
25.0
100.0
15.319163184122436
GCInterval
99.98151912770282
5411
100
0
100.0
1.35944372068771
Correlation
                Time   GC Util  heapSize  numThreads  GCInterval
Time        1.000000  0.134376  0.978022    0.008666    0.036125
GC Util     0.134376  1.000000  0.124088    0.292895    0.031648
heapSize    0.978022  0.124088  1.000000    0.009794    0.023112
numThreads  0.008666  0.292895  0.009794    1.000000   -0.002903
GCInterval  0.036125  0.031648  0.023112   -0.002903    1.000000
R Means Squared
59.25474450107777
