
GC Util
7.452914798206278
669
103.0
0.0
2.0
14.955110816878788
-0.7076675000924629
0.4792789038490872
heapSize
100.05130044843051
669
101.56
100.0
100.0
0.27841125562785324
numThreads
97.53363228699551
669
100.0
25.0
100.0
13.38515652056985
GCInterval
99.37959641255607
669
110.05
0.0
103.25
20.58450557451048
Correlation
                Time   GC Util  heapSize  numThreads  GCInterval
Time        1.000000 -0.123346  0.158763    0.049996    0.395174
GC Util    -0.123346  1.000000  0.084152   -0.155945   -0.089192
heapSize    0.158763  0.084152  1.000000    0.034003    0.045781
numThreads  0.049996 -0.155945  0.034003    1.000000    0.020233
GCInterval  0.395174 -0.089192  0.045781    0.020233    1.000000
R Means Squared
19.512825876640157
