
GC Util
31.892198581560283
705
112.0
0.0
29.0
13.724553265839766
-42.35752649587324
3.927481038734788e-260
heapSize
114.89339007092198
705
131.25
100.0
114.06
9.81635659575171
numThreads
88.08510638297872
705
100.0
25.0
100.0
27.43574346254097
GCInterval
99.8581560283688
705
100
0
100.0
3.7662178857735467
Correlation
                Time   GC Util  heapSize  numThreads  GCInterval
Time        1.000000  0.309369  0.773987   -0.002103    0.102815
GC Util     0.309369  1.000000  0.104186    0.139745    0.087641
heapSize    0.773987  0.104186  1.000000    0.008394    0.057222
numThreads -0.002103  0.139745  0.008394    1.000000   -0.016379
GCInterval  0.102815  0.087641  0.057222   -0.016379    1.000000
R Means Squared
18.15270137957121
