
GC Util
44.39688389233568
21437
145.0
0.0
47.0
22.429208274769568
-87.03981324620086
0.0
heapSize
374.9992713532678
21437
639.06
100.0
375.0
152.69406281912163
numThreads
99.61515137379297
21437
100.0
25.0
100.0
5.358813123678059
GCInterval
99.99533516816719
21437
100
0
100.0
0.6829957417738727
Correlation
                Time   GC Util  heapSize  numThreads  GCInterval
Time        1.000000  0.356087  0.982326   -0.067855    0.009280
GC Util     0.356087  1.000000  0.357234    0.063158    0.013520
heapSize    0.982326  0.357234  1.000000   -0.052580    0.012301
numThreads -0.067855  0.063158 -0.052580    1.000000   -0.000491
GCInterval  0.009280  0.013520  0.012301   -0.000491    1.000000
R Means Squared
33.139913399831656
