
GC Util
20.012091321295046
12571
123.0
0.0
13.0
17.456649710140795
-86.06251521437807
0.0
heapSize
280.57856176915124
12571
459.38
100.0
279.69
101.64066311452775
numThreads
97.75674170710366
12571
100.0
25.0
100.0
12.775959786248963
GCInterval
99.99204518335853
12571
100
0
100.0
0.8918977879486194
Correlation
                Time   GC Util  heapSize  numThreads  GCInterval
Time        1.000000 -0.099503  0.412419    0.050261    0.053907
GC Util    -0.099503  1.000000 -0.354178   -0.101968    0.010225
heapSize    0.412419 -0.354178  1.000000    0.155694    0.015847
numThreads  0.050261 -0.101968  0.155694    1.000000   -0.001566
GCInterval  0.053907  0.010225  0.015847   -0.001566    1.000000
R Means Squared
17.455959561777654
