
GC Util
25.90650639190994
5241
130.0
0.0
10.0
31.23744996279097
-81.25622105009138
0.0
heapSize
192.77927113146347
5241
273.44
100.0
198.44
48.823949137613944
numThreads
97.96794504865484
5241
100.0
25.0
100.0
12.177978927444617
GCInterval
99.98091967181836
5241
100
0
100.0
1.3813156113518996
Correlation
                Time   GC Util  heapSize  numThreads  GCInterval
Time        1.000000 -0.213587  0.770123    0.101607    0.079597
GC Util    -0.213587  1.000000 -0.292047   -0.046929    0.011458
heapSize    0.770123 -0.292047  1.000000    0.138409    0.026254
numThreads  0.101607 -0.046929  0.138409    1.000000   -0.002305
GCInterval  0.079597  0.011458  0.026254   -0.002305    1.000000
R Means Squared
31.78803102171255
