
GC Util
57.242959068719486
2663
185.0
0.0
57.0
22.878076585136345
1.3428675853897352
0.17937143032022915
heapSize
100.0
2663
100
100
100.0
0.0
numThreads
99.49305294780324
2663
100.0
25.0
100.0
6.146398940820543
GCInterval
99.96244836650395
2663
100
0
100.0
1.9378243856463637
Correlation
                Time   GC Util  heapSize  numThreads  GCInterval
Time        1.000000  0.242504       NaN    0.044440    0.058023
GC Util     0.242504  1.000000       NaN    0.080620    0.048504
heapSize         NaN       NaN       NaN         NaN         NaN
numThreads  0.044440  0.080620       NaN    1.000000   -0.001599
GCInterval  0.058023  0.048504       NaN   -0.001599    1.000000
R Means Squared
43.70638215159285
