
GC Util
102.09482934804824
14679
316.0
0.0
95.0
53.769581271523485
17.924250930390325
1.7611043838148203e-71
heapSize
100.0
14679
100
100
100.0
0.0
numThreads
99.23359901900675
14679
100.0
25.0
100.0
7.54298211343726
GCInterval
99.99318754683561
14679
100
0
100.0
0.8253758637363036
Correlation
                Time   GC Util  heapSize  numThreads  GCInterval
Time        1.000000  0.415396       NaN    0.067722    0.023718
GC Util     0.415396  1.000000       NaN    0.127952    0.015673
heapSize         NaN       NaN       NaN         NaN         NaN
numThreads  0.067722  0.127952       NaN    1.000000   -0.000839
GCInterval  0.023718  0.015673       NaN   -0.000839    1.000000
R Means Squared
98.13527355820167
