
GC Util
61.59454191033139
513
127.0
0.0
42.0
35.58522079320391
-1.4958441069497808
0.1349435155691823
heapSize
110.23376218323587
513
121.88
100.0
109.38
7.06729605391236
numThreads
94.15204678362574
513
100.0
25.0
100.0
20.12927654245942
GCInterval
99.80506822612085
513
100
0
100.0
4.415107856883481
Correlation
                Time   GC Util  heapSize  numThreads  GCInterval
Time        1.000000  0.507830  0.796857   -0.115090    0.129371
GC Util     0.507830  1.000000  0.268186    0.174189    0.076570
heapSize    0.796857  0.268186  1.000000   -0.102918    0.064058
numThreads -0.115090  0.174189 -0.102918    1.000000   -0.012852
GCInterval  0.129371  0.076570  0.064058   -0.012852    1.000000
R Means Squared
54.71695732680422
