
GC Util
31.690036900369005
813
117.0
0.0
29.0
15.281185883095285
-10.634826564670862
1.3736613914632955e-25
heapSize
116.3319311193112
813
131.25
100.0
117.19
9.920946645856404
numThreads
94.8339483394834
813
100.0
25.0
100.0
19.00552755432002
GCInterval
99.8769987699877
813
100
0
100.0
3.5071531191594723
Correlation
                Time   GC Util  heapSize  numThreads  GCInterval
Time        1.000000  0.151939  0.760887   -0.070216    0.102822
GC Util     0.151939  1.000000 -0.046920    0.039640    0.072821
heapSize    0.760887 -0.046920  1.000000    0.071435    0.057806
numThreads -0.070216  0.039640  0.071435    1.000000   -0.009545
GCInterval  0.102822  0.072821  0.057806   -0.009545    1.000000
R Means Squared
19.232378397998218
