
GC Util
8.570992366412213
655
75.0
0.0
2.0
13.545960322643529
0.6150784595244128
0.5386119814822145
heapSize
100.10479389312977
655
101.56
100.0
100.0
0.39080671520287985
numThreads
98.3969465648855
655
100.0
25.0
100.0
10.855373526192675
GCInterval
97.60221374045801
655
106.85
0.0
101.65
21.095401084755945
Correlation
                Time   GC Util  heapSize  numThreads  GCInterval
Time        1.000000 -0.075413  0.005849    0.064505    0.231841
GC Util    -0.075413  1.000000 -0.000506   -0.184057   -0.198229
heapSize    0.005849 -0.000506  1.000000   -0.044681    0.066808
numThreads  0.064505 -0.184057 -0.044681    1.000000    0.023102
GCInterval  0.231841 -0.198229  0.066808    0.023102    1.000000
R Means Squared
17.715392022301305
