
GC Util
22.992915948688495
5223
112.0
0.0
9.0
27.140861043149652
-87.83112803197068
0.0
heapSize
193.81102048631055
5223
309.38
100.0
198.44
50.55909047647769
numThreads
98.93739230327398
5223
100.0
25.0
100.0
8.864619981442564
GCInterval
99.98085391537431
5223
100
0
100.0
1.3836937748538887
Correlation
                Time   GC Util  heapSize  numThreads  GCInterval
Time        1.000000 -0.305988  0.989461    0.062029    0.024570
GC Util    -0.305988  1.000000 -0.298239   -0.026655    0.011724
heapSize    0.989461 -0.298239  1.000000    0.068543    0.025679
numThreads  0.062029 -0.026655  0.068543    1.000000   -0.001659
GCInterval  0.024570  0.011724  0.025679   -0.001659    1.000000
R Means Squared
27.302799287571087
