
GC Util
44.41011430550745
2887
2633.0
0.0
20.0
96.80065466985349
4.614782540031672
4.022879954230146e-06
heapSize
178.15366124004157
2887
506.25
100.0
125.0
96.62500321963041
numThreads
97.60997575337721
2887
100.0
25.0
100.0
13.175725184205083
GCInterval
90.994059577416
2887
110.85
0.0
99.65
18.579236492075392
Correlation
                Time   GC Util  heapSize  numThreads  GCInterval
Time        1.000000  0.097250  0.306994    0.030739   -0.058379
GC Util     0.097250  1.000000  0.248786    0.034429   -0.310911
heapSize    0.306994  0.248786  1.000000    0.050766   -0.475302
numThreads  0.030739  0.034429  0.050766    1.000000   -0.029464
GCInterval -0.058379 -0.310911 -0.475302   -0.029464    1.000000
R Means Squared
99.81470189424117
