
GC Util
5.299083706243583
51621
216.0
0.0
4.0
6.844986806080961
6.319995570244488
2.62730177373775e-10
heapSize
189.06687859592023
51621
225.0
100.0
196.09
23.99912848949906
numThreads
99.88667402801185
51621
100.0
25.0
100.0
2.9132060566585904
GCInterval
104.96674899750101
51621
110.45
0.0
105.25
4.584858411421773
Correlation
                Time   GC Util  heapSize  numThreads  GCInterval
Time        1.000000 -0.092468  0.565441    0.020385    0.066344
GC Util    -0.092468  1.000000 -0.236838   -0.060816   -0.127484
heapSize    0.565441 -0.236838  1.000000    0.070243    0.172578
numThreads  0.020385 -0.060816  0.070243    1.000000    0.035713
GCInterval  0.066344 -0.127484  0.172578    0.035713    1.000000
R Means Squared
16.21634596944109
