
GC Util
30.018469352418332
8663
4297.0
0.0
9.0
114.28304567340153
11.843930118576377
3.0500559990520645e-32
heapSize
269.1551356343068
8663
445.31
100.0
292.97
128.60701206863789
numThreads
98.96109892646889
8663
100.0
25.0
100.0
8.76624981417131
GCInterval
95.8909673323329
8663
111.25
0.0
102.45
18.943297938642246
Correlation
                Time   GC Util  heapSize  numThreads  GCInterval
Time        1.000000  0.025260  0.489821    0.047679    0.060752
GC Util     0.025260  1.000000  0.050414    0.006674   -0.313339
heapSize    0.489821  0.050414  1.000000    0.069458   -0.102715
numThreads  0.047679  0.006674  0.069458    1.000000    0.008724
GCInterval  0.060752 -0.313339 -0.102715    0.008724    1.000000
R Means Squared
114.71476201747465
