
GC Util
64.41135870636955
5071
153.0
0.0
76.0
27.590381888069068
-30.32159370732426
4.6944623576602895e-196
heapSize
172.54178662985606
5071
235.94
100.0
173.44
37.465646157705926
numThreads
97.21948333662
5071
100.0
25.0
100.0
14.172052915353174
GCInterval
99.98028002366397
5071
100
0
100.0
1.4042783319566101
Correlation
                Time   GC Util  heapSize  numThreads  GCInterval
Time        1.000000  0.222869  0.994542   -0.052651    0.028112
GC Util     0.222869  1.000000  0.226261    0.271459    0.032790
heapSize    0.994542  0.226261  1.000000   -0.056756    0.027195
numThreads -0.052651  0.271459 -0.056756    1.000000   -0.002756
GCInterval  0.028112  0.032790  0.027195   -0.002756    1.000000
R Means Squared
52.28238556782381
