
GC Util
3.2622222222222224
1125
106.0
0.0
0.0
8.50965771443044
-3.8743945716450936
0.00010987400842103205
heapSize
100.33845333333335
1125
115.62
100.0
100.0
1.2764954626602372
numThreads
98.66666666666667
1125
100.0
25.0
100.0
9.915120198006942
GCInterval
99.98448888888889
1125
107.65
0.0
102.85
17.579990466333086
Correlation
                Time   GC Util  heapSize  numThreads  GCInterval
Time        1.000000 -0.183118  0.471249    0.032857    0.184899
GC Util    -0.183118  1.000000  0.014827   -0.271062   -0.213374
heapSize    0.471249  0.014827  1.000000   -0.013659    0.022821
numThreads  0.032857 -0.271062 -0.013659    1.000000    0.184776
GCInterval  0.184899 -0.213374  0.022821    0.184776    1.000000
R Means Squared
18.775066207902203
