
GC Util
69.15907661036636
20663
169.0
0.0
81.0
31.04870644439448
-107.76744454101272
0.0
heapSize
364.1992808401491
20663
621.88
100.0
364.06
146.49875697101504
numThreads
98.48279533465615
20663
100.0
25.0
100.0
10.55906415003667
GCInterval
99.9951604316895
20663
100
0
100.0
0.6956700590442791
Correlation
                Time   GC Util  heapSize  numThreads  GCInterval
Time        1.000000  0.092562  0.992047    0.029644    0.014724
GC Util     0.092562  1.000000  0.101967    0.184241    0.015496
heapSize    0.992047  0.101967  1.000000    0.028014    0.012546
numThreads  0.029644  0.184241  0.028014    1.000000   -0.001000
GCInterval  0.014724  0.015496  0.012546   -0.001000    1.000000
R Means Squared
58.14284419034311
