
GC Util
70.90620572400114
10587
168.0
0.0
81.0
28.48184937202069
-230.25940250183174
0.0
heapSize
356.1026957589496
10587
618.75
100.0
356.25
149.25873082027104
numThreads
97.50637574383678
10587
100.0
25.0
100.0
13.44696013186456
GCInterval
99.99055445357514
10587
100
0
100.0
0.9718820105784794
Correlation
                Time   GC Util  heapSize  numThreads  GCInterval
Time        1.000000  0.023262  0.992140    0.008894    0.020135
GC Util     0.023262  1.000000  0.028591    0.272242    0.024198
heapSize    0.992140  0.028591  1.000000    0.006745    0.016677
numThreads  0.008894  0.272242  0.006745    1.000000   -0.001802
GCInterval  0.020135  0.024198  0.016677   -0.001802    1.000000
R Means Squared
58.33164579458674
