
GC Util
16.102806608118897
16283
139.0
0.0
12.0
12.949586899523915
-443.7282772631815
0.0
heapSize
495.14504084014
16283
892.19
100.0
495.31
229.51793373361102
numThreads
98.78400786095928
16283
100.0
25.0
100.0
9.472395894013008
GCInterval
99.9938586255604
16283
100
0
100.0
0.7836692184588839
Correlation
                Time   GC Util  heapSize  numThreads  GCInterval
Time        1.000000 -0.287750  0.817617    0.144017    0.044531
GC Util    -0.287750  1.000000 -0.353056   -0.138150    0.009746
heapSize    0.817617 -0.353056  1.000000    0.187501    0.013493
numThreads  0.144017 -0.138150  0.187501    1.000000   -0.001006
GCInterval  0.044531  0.009746  0.013493   -0.001006    1.000000
R Means Squared
13.522929365364861
