
GC Util
2.336513443191674
1153
87.0
0.0
0.0
6.636090872605692
-5.621393927707602
2.1203826676623368e-08
heapSize
100.28412836079792
1153
103.12
100.0
100.0
0.6751118406590817
numThreads
99.08933217692974
1153
100.0
25.0
100.0
8.217623696894625
GCInterval
102.51097137901127
1153
111.25
0.0
104.05
15.620967221575881
Correlation
                Time   GC Util  heapSize  numThreads  GCInterval
Time        1.000000 -0.078547  0.444993   -0.109100    0.324987
GC Util    -0.078547  1.000000 -0.015315   -0.034966   -0.067278
heapSize    0.444993 -0.015315  1.000000   -0.246228   -0.007705
numThreads -0.109100 -0.034966 -0.246228    1.000000    0.006925
GCInterval  0.324987 -0.067278 -0.007705    0.006925    1.000000
R Means Squared
18.86791629710665
