
GC Util
20.73122135883642
5019
378.0
0.0
16.0
22.18884499227227
-5.42537723679052
5.9210064276062456e-08
heapSize
275.5984020721259
5019
723.44
100.0
229.69
178.0258833719849
numThreads
96.77226539151225
5019
100.0
25.0
100.0
15.221957531820202
GCInterval
98.94577605100618
5019
106.05
0.0
100.85
10.544587385346018
Correlation
                Time   GC Util  heapSize  numThreads  GCInterval
Time        1.000000  0.054547  0.946451    0.064260    0.089396
GC Util     0.054547  1.000000  0.066092   -0.028058   -0.066388
heapSize    0.946451  0.066092  1.000000    0.085297    0.003850
numThreads  0.064260 -0.028058  0.085297    1.000000   -0.026977
GCInterval  0.089396 -0.066388  0.003850   -0.026977    1.000000
R Means Squared
22.1986808293614
