
GC Util
11.782227784730914
2397
706.0
0.0
5.0
32.96474771929615
4.043961919631963
5.3348737361557485e-05
heapSize
104.70239465999167
2397
139.06
100.0
100.0
8.77747722584277
numThreads
98.74843554443054
2397
100.0
25.0
100.0
9.60934147083156
GCInterval
100.9325615352524
2397
111.25
0.0
103.25
14.323868758955404
Correlation
                Time   GC Util  heapSize  numThreads  GCInterval
Time        1.000000  0.059765  0.260456    0.104902    0.301728
GC Util     0.059765  1.000000  0.126982   -0.024379   -0.163897
heapSize    0.260456  0.126982  1.000000   -0.020651   -0.093191
numThreads  0.104902 -0.024379 -0.020651    1.000000    0.016761
GCInterval  0.301728 -0.163897 -0.093191    0.016761    1.000000
R Means Squared
33.966940171497654
