
GC Util
31.03812083208918
10047
2637.0
0.0
9.0
99.83489874656328
14.490429267882103
2.465420564781726e-47
heapSize
255.37449786005774
10047
445.31
100.0
265.62
127.53134082373474
numThreads
98.73096446700508
10047
100.0
25.0
100.0
9.673496145042803
GCInterval
97.33180551408383
10047
107.65
0.0
101.65
13.830688787045517
Correlation
                Time   GC Util  heapSize  numThreads  GCInterval
Time        1.000000 -0.052106  0.845465    0.085292    0.130246
GC Util    -0.052106  1.000000  0.001097    0.009157   -0.327573
heapSize    0.845465  0.001097  1.000000    0.113615    0.011994
numThreads  0.085292  0.009157  0.113615    1.000000    0.012204
GCInterval  0.130246 -0.327573  0.011994    0.012204    1.000000
R Means Squared
100.43831480624684
