
GC Util
64.77972709551656
513
160.0
0.0
44.0
38.00678673877375
-0.5485637847361614
0.5834015667026978
heapSize
110.23376218323587
513
121.88
100.0
109.38
7.06729605391236
numThreads
96.78362573099415
513
100.0
25.0
100.0
15.209666337880297
GCInterval
99.80506822612085
513
100
0
100.0
4.4151078568834805
Correlation
                Time   GC Util  heapSize  numThreads  GCInterval
Time        1.000000  0.504019  0.865776   -0.086986    0.120071
GC Util     0.504019  1.000000  0.357237    0.142704    0.075399
heapSize    0.865776  0.357237  1.000000   -0.050854    0.064058
numThreads -0.086986  0.142704 -0.050854    1.000000   -0.009355
GCInterval  0.120071  0.075399  0.064058   -0.009355    1.000000
R Means Squared
58.71050993313026
