
GC Util
20.376775479691005
4013
105.0
0.0
7.0
28.81884801420901
-62.08461484465762
0.0
heapSize
167.34828806379272
4013
232.81
100.0
168.75
36.53807570952642
numThreads
99.40194368303015
4013
100.0
25.0
100.0
6.671404895520746
GCInterval
99.97508098679292
4013
100
0
100.0
1.5785757253637522
Correlation
                Time   GC Util  heapSize  numThreads  GCInterval
Time        1.000000 -0.260965  0.989340    0.138330    0.035772
GC Util    -0.260965  1.000000 -0.273151   -0.036942    0.011164
heapSize    0.989340 -0.273151  1.000000    0.140113    0.029104
numThreads  0.138330 -0.036942  0.140113    1.000000   -0.001415
GCInterval  0.035772  0.011164  0.029104   -0.001415    1.000000
R Means Squared
28.817720273198763
