
GC Util
28.737858562908265
3521
120.0
0.0
13.0
32.14599616068764
-85.24734752251022
0.0
heapSize
183.62855438795793
3521
276.56
100.0
182.81
49.68652727733347
numThreads
98.29593865379154
3521
100.0
25.0
100.0
11.177488942913916
GCInterval
99.97159897756319
3521
100
0
100.0
1.6852602895935023
Correlation
                Time   GC Util  heapSize  numThreads  GCInterval
Time        1.000000 -0.104224  0.458077    0.006847    0.058275
GC Util    -0.104224  1.000000 -0.282281   -0.008597    0.015070
heapSize    0.458077 -0.282281  1.000000    0.071566    0.028373
numThreads  0.006847 -0.008597  0.071566    1.000000   -0.002570
GCInterval  0.058275  0.015070  0.028373   -0.002570    1.000000
R Means Squared
33.30798335509351
