
GC Util
50.409356725146196
513
136.0
0.0
41.0
32.31866584933081
-27.21880256774159
4.979780754505329e-126
heapSize
110.23376218323587
513
121.88
100.0
109.38
7.06729605391236
numThreads
94.15204678362574
513
100.0
25.0
100.0
20.12927654245942
GCInterval
99.80506822612085
513
100
0
100.0
4.4151078568834805
Correlation
                Time   GC Util  heapSize  numThreads  GCInterval
Time        1.000000  0.383179  0.777809   -0.080843    0.129684
GC Util     0.383179  1.000000  0.150875    0.153200    0.069000
heapSize    0.777809  0.150875  1.000000   -0.074004    0.064058
numThreads -0.080843  0.153200 -0.074004    1.000000   -0.012852
GCInterval  0.129684  0.069000  0.064058   -0.012852    1.000000
R Means Squared
44.353005352745406
