
GC Util
5.6858328393598105
5061
999.0
0.0
0.0
26.42462796868698
1.431161168834518
0.15241874709108325
heapSize
128.4882631890931
5061
150.0
100.0
132.03
13.874646076983293
numThreads
99.37759336099585
5061
100.0
25.0
100.0
6.8045761614216875
GCInterval
103.65322070737008
5061
111.25
0.0
105.65
11.635981000940276
Correlation
                Time   GC Util  heapSize  numThreads  GCInterval
Time        1.000000 -0.212396  0.674023    0.069527    0.263469
GC Util    -0.212396  1.000000 -0.171302   -0.046756   -0.191168
heapSize    0.674023 -0.171302  1.000000    0.078929    0.217435
numThreads  0.069527 -0.046756  0.078929    1.000000    0.027581
GCInterval  0.263469 -0.191168  0.217435    0.027581    1.000000
R Means Squared
30.050264155495476
