
GC Util
20.84508881025183
29107
5550.0
0.0
11.0
76.59319041550192
13.900194382032446
7.36779454574298e-44
heapSize
349.26687669632736
29107
425.78
100.0
389.06
102.64536960793764
numThreads
96.53176211907788
29107
100.0
25.0
100.0
15.751117125904862
GCInterval
100.1717817019961
29107
107.65
0.0
101.65
8.827281983432915
Correlation
                Time   GC Util  heapSize  numThreads  GCInterval
Time        1.000000 -0.116456  0.779779   -0.099042    0.256920
GC Util    -0.116456  1.000000 -0.074911   -0.006340   -0.337812
heapSize    0.779779 -0.074911  1.000000   -0.039076    0.171457
numThreads -0.099042 -0.006340 -0.039076    1.000000    0.018724
GCInterval  0.256920 -0.337812  0.171457    0.018724    1.000000
R Means Squared
76.59653675649632
