
GC Util
61.759915759915756
2849
149.0
0.0
75.0
29.019304055370963
-140.2245981549956
0.0
heapSize
167.18146718146718
2849
235.94
100.0
167.19
40.13151093464068
numThreads
95.63004563004563
2849
100.0
25.0
100.0
17.57152386322046
GCInterval
99.96489996489997
2849
100
0
100.0
1.873500336269922
Correlation
                Time   GC Util  heapSize  numThreads  GCInterval
Time        1.000000  0.274856  0.995492   -0.101928    0.033344
GC Util     0.274856  1.000000  0.281306    0.306157    0.039887
heapSize    0.995492  0.281306  1.000000   -0.107403    0.031374
numThreads -0.101928  0.306157 -0.107403    1.000000   -0.004661
GCInterval  0.033344  0.039887  0.031374   -0.004661    1.000000
R Means Squared
50.84992613283708
