
GC Util
35.398963730569946
193
109.0
0.0
31.0
32.18843281761145
-3.6194069082167832
0.0003324835260859723
heapSize
102.58984455958549
193
106.25
100.0
101.56
2.3371359958745304
numThreads
98.44559585492227
193
100.0
25.0
100.0
10.712550747759193
GCInterval
99.48186528497409
193
100
0
100.0
7.198157507486946
Correlation
                Time   GC Util  heapSize  numThreads  GCInterval
Time        1.000000  0.548111  0.993392   -0.124542    0.085257
GC Util     0.548111  1.000000  0.524250   -0.007255    0.079573
heapSize    0.993392  0.524250  1.000000   -0.131067    0.080180
numThreads -0.124542 -0.007255 -0.131067    1.000000   -0.010499
GCInterval  0.085257  0.079573  0.080180   -0.010499    1.000000
R Means Squared
35.60695047711602
