
GC Util
17.716046339659847
4057
132.0
0.0
6.0
27.020879525310118
-65.58925265028934
0.0
heapSize
168.39643086024157
4057
232.81
100.0
170.31
37.00002644436011
numThreads
98.55804781858517
4057
100.0
25.0
100.0
10.300162047263258
GCInterval
99.97535124476214
4057
100
0
100.0
1.569992205008053
Correlation
                Time   GC Util  heapSize  numThreads  GCInterval
Time        1.000000 -0.031212  0.249254    0.001344    0.056330
GC Util    -0.031212  1.000000 -0.246730   -0.040272    0.010296
heapSize    0.249254 -0.246730  1.000000    0.110105    0.029029
numThreads  0.001344 -0.040272  0.110105    1.000000   -0.002198
GCInterval  0.056330  0.010296  0.029029   -0.002198    1.000000
R Means Squared
27.11391537932942
