
GC Util
26.234829240756422
3543
115.0
0.0
13.0
29.01863058396893
-88.9162553420337
0.0
heapSize
184.140344340954
3543
273.44
100.0
184.38
49.95309006453975
numThreads
99.1532599491956
3543
100.0
25.0
100.0
7.925040186386466
GCInterval
99.97177533163985
3543
100
0
100.0
1.6800198915532751
Correlation
                Time   GC Util  heapSize  numThreads  GCInterval
Time        1.000000 -0.288529  0.989186    0.027403    0.028571
GC Util    -0.288529  1.000000 -0.285509   -0.004844    0.015193
heapSize    0.989186 -0.285509  1.000000    0.040953    0.028306
numThreads  0.027403 -0.004844  0.040953    1.000000   -0.001796
GCInterval  0.028571  0.015193  0.028306   -0.001796    1.000000
R Means Squared
29.676865435604558
