
GC Util
33.54609929078014
705
122.0
0.0
29.0
17.471598372147504
-40.94647401817038
3.68244229454824e-248
heapSize
114.89339007092198
705
131.25
100.0
114.06
9.81635659575171
numThreads
90.85106382978724
705
100.0
25.0
100.0
24.562633347490447
GCInterval
99.8581560283688
705
100
0
100.0
3.7662178857735467
Correlation
                Time   GC Util  heapSize  numThreads  GCInterval
Time        1.000000  0.384028  0.506004   -0.087073    0.148709
GC Util     0.384028  1.000000  0.019836    0.092587    0.072415
heapSize    0.506004  0.019836  1.000000    0.117225    0.057222
numThreads -0.087073  0.092587  0.117225    1.000000   -0.014048
GCInterval  0.148709  0.072415  0.057222   -0.014048    1.000000
R Means Squared
22.097976544830672
