
GC Util
6.518607442977191
4165
184.0
0.0
0.0
18.646271243806122
3.703343970798591
0.00021418963412625752
heapSize
128.03389675870346
4165
145.31
100.0
134.38
15.187139288661323
numThreads
99.31572629051621
4165
100.0
25.0
100.0
7.131935927162932
GCInterval
101.65545018007202
4165
107.65
0.0
102.85
10.463093287979271
Correlation
                Time   GC Util  heapSize  numThreads  GCInterval
Time        1.000000 -0.332430  0.687775    0.069683    0.266554
GC Util    -0.332430  1.000000 -0.226963   -0.036338   -0.229042
heapSize    0.687775 -0.226963  1.000000    0.075032    0.213191
numThreads  0.069683 -0.036338  0.075032    1.000000    0.059137
GCInterval  0.266554 -0.229042  0.213191    0.059137    1.000000
R Means Squared
23.007561782154664
