
GC Util
51.940209267563525
669
150.0
0.0
48.0
31.754239859551635
-11.517299582593811
1.622520452742602e-29
heapSize
113.61171898355754
669
126.56
100.0
114.06
8.72804696236214
numThreads
96.8609865470852
669
100.0
25.0
100.0
15.030312273842481
GCInterval
99.85052316890882
669
100
0
100.0
3.866223365135295
Correlation
                Time   GC Util  heapSize  numThreads  GCInterval
Time        1.000000  0.523317  0.946071   -0.167525    0.096131
GC Util     0.523317  1.000000  0.458807    0.168510    0.063334
heapSize    0.946071  0.458807  1.000000   -0.171249    0.060385
numThreads -0.167525  0.168510 -0.171249    1.000000   -0.008087
GCInterval  0.096131  0.063334  0.060385   -0.008087    1.000000
R Means Squared
45.02223333829977
