
GC Util
45.38737479617983
21465
151.0
0.0
47.0
23.10255617613546
-85.5928863300157
0.0
heapSize
375.20541812252503
21465
640.62
100.0
375.0
152.79755439280777
numThreads
99.65758211041229
21465
100.0
25.0
100.0
5.056212290811989
GCInterval
99.9953412532029
21465
100
0
100.0
0.6825501298155013
Correlation
                Time   GC Util  heapSize  numThreads  GCInterval
Time        1.000000  0.364282  0.980966    0.027517    0.009919
GC Util     0.364282  1.000000  0.353063    0.064073    0.013410
heapSize    0.980966  0.353063  1.000000    0.033659    0.012294
numThreads  0.027517  0.064073  0.033659    1.000000   -0.000462
GCInterval  0.009919  0.013410  0.012294   -0.000462    1.000000
R Means Squared
34.325239050476405
