
GC Util
65.92769392769392
2849
152.0
0.0
78.0
27.353395641898683
-136.9879555505976
0.0
heapSize
167.18146718146718
2849
235.94
100.0
167.19
40.13151093464068
numThreads
98.57844857844857
2849
100.0
25.0
100.0
10.228991843636882
GCInterval
99.96489996489997
2849
100
0
100.0
1.873500336269922
Correlation
                Time   GC Util  heapSize  numThreads  GCInterval
Time        1.000000  0.294579  0.970738   -0.117795    0.047002
GC Util     0.294579  1.000000  0.301219    0.195588    0.045171
heapSize    0.970738  0.301219  1.000000   -0.102262    0.031374
numThreads -0.117795  0.195588 -0.102262    1.000000   -0.002605
GCInterval  0.047002  0.045171  0.031374   -0.002605    1.000000
R Means Squared
53.45370615119874
