
GC Util
14.636468991093011
30201
120.0
0.0
11.0
10.728160926089176
-179.06419164172976
0.0
heapSize
510.13117777557034
30201
892.19
100.0
517.19
226.86239213938813
numThreads
99.02652230058608
30201
100.0
25.0
100.0
8.489143350328398
GCInterval
99.99668885136253
30201
100
0
100.0
0.5754258108099026
Correlation
                Time   GC Util  heapSize  numThreads  GCInterval
Time        1.000000 -0.339398  0.991669    0.126534    0.012137
GC Util    -0.339398  1.000000 -0.362375   -0.141648    0.007851
heapSize    0.991669 -0.362375  1.000000    0.135443    0.010403
numThreads  0.126534 -0.141648  0.135443    1.000000   -0.000660
GCInterval  0.012137  0.007851  0.010403   -0.000660    1.000000
R Means Squared
11.994043972939533
