
GC Util
67.5761888733952
20797
160.0
0.0
79.0
29.745611937574626
-111.36151893345509
0.0
heapSize
365.9121411742079
20797
625.0
100.0
365.62
147.48081749953286
numThreads
98.09587921334808
20797
100.0
25.0
100.0
11.797884379184675
GCInterval
99.99519161417513
20797
100
0
100.0
0.6934252537136636
Correlation
                Time   GC Util  heapSize  numThreads  GCInterval
Time        1.000000  0.025773  0.993549    0.007985    0.013507
GC Util     0.025773  1.000000  0.030150    0.217478    0.015754
heapSize    0.993549  0.030150  1.000000    0.010315    0.012503
numThreads  0.007985  0.217478  0.010315    1.000000   -0.001119
GCInterval  0.013507  0.015754  0.012503   -0.001119    1.000000
R Means Squared
56.10929185608422
