
GC Util
41.47233407904549
6705
916.0
0.0
38.0
58.03840634162834
3.3011358207253503
0.0009656141217222632
heapSize
159.03265324384788
6705
567.97
100.0
100.0
111.16515232183463
numThreads
98.90380313199105
6705
100.0
25.0
100.0
9.001399992379651
GCInterval
94.97777032065623
6705
106.45
0.0
97.65
11.538957983173972
Correlation
                Time   GC Util  heapSize  numThreads  GCInterval
Time        1.000000  0.117116  0.848316   -0.082710   -0.142110
GC Util     0.117116  1.000000  0.161356    0.036796   -0.257659
heapSize    0.848316  0.161356  1.000000   -0.042511   -0.240580
numThreads -0.082710  0.036796 -0.042511    1.000000   -0.016100
GCInterval -0.142110 -0.257659 -0.240580   -0.016100    1.000000
R Means Squared
61.87903814435382
