
GC Util
38.0985835694051
1765
127.0
0.0
36.0
32.18067304994157
-37.48957739899859
5.490543342790427e-271
heapSize
138.65612464589236
1765
187.5
100.0
137.5
23.847808772976112
numThreads
99.74504249291785
1765
100.0
25.0
100.0
4.366647785297823
GCInterval
99.94334277620396
1765
100
0
100.0
2.3802777946288955
Correlation
                Time   GC Util  heapSize  numThreads  GCInterval
Time        1.000000  0.128026  0.975643    0.031284    0.029826
GC Util     0.128026  1.000000  0.169886    0.028015    0.028196
heapSize    0.975643  0.169886  1.000000    0.041113    0.038605
numThreads  0.031284  0.028015  0.041113    1.000000   -0.001391
GCInterval  0.029826  0.028196  0.038605   -0.001391    1.000000
R Means Squared
36.91297475661419
