
GC Util
8.959729415495191
9461
687.0
0.0
6.0
16.121845961943848
-0.5663568869257123
0.5711587138373101
heapSize
147.202333791354
9461
186.72
100.0
153.91
22.96563484914582
numThreads
99.55607229679738
9461
100.0
25.0
100.0
5.753347253017161
GCInterval
102.96405771060141
9461
110.45
0.0
104.05
8.799395792517293
Correlation
                Time   GC Util  heapSize  numThreads  GCInterval
Time        1.000000 -0.036708  0.149062   -0.000240    0.053015
GC Util    -0.036708  1.000000 -0.155344   -0.053529   -0.119453
heapSize    0.149062 -0.155344  1.000000    0.104043    0.192933
numThreads -0.000240 -0.053529  0.104043    1.000000    0.026558
GCInterval  0.053015 -0.119453  0.192933    0.026558    1.000000
R Means Squared
19.539038350432076
