
GC Util
24.626216660346355
7911
577.0
0.0
16.0
34.28988440154225
1.592322056808401
0.11133326483626363
heapSize
511.02791808873724
7911
1181.25
100.0
520.31
318.14583432982005
numThreads
97.38339021615472
7911
100.0
25.0
100.0
13.76310398443138
GCInterval
96.84032992036404
7911
107.65
0.0
101.25
13.53543939069692
Correlation
                Time   GC Util  heapSize  numThreads  GCInterval
Time        1.000000 -0.138716  0.962045    0.115450    0.184140
GC Util    -0.138716  1.000000 -0.139446    0.001986   -0.131635
heapSize    0.962045 -0.139446  1.000000    0.132950    0.157470
numThreads  0.115450  0.001986  0.132950    1.000000   -0.021553
GCInterval  0.184140 -0.131635  0.157470   -0.021553    1.000000
R Means Squared
34.59840205633018
