
GC Util
18.44121212121212
7425
117.0
0.0
13.0
13.963529066990988
-201.88109845518005
0.0
heapSize
278.88887811447813
7425
459.38
100.0
278.12
104.65283500309826
numThreads
97.23232323232324
7425
100.0
25.0
100.0
14.14010789168917
GCInterval
99.98653198653199
7425
100
0
100.0
1.1605177063713181
Correlation
                Time   GC Util  heapSize  numThreads  GCInterval
Time        1.000000 -0.450842  0.976308    0.223597    0.030844
GC Util    -0.450842  1.000000 -0.503575   -0.119374    0.015329
heapSize    0.976308 -0.503575  1.000000    0.244677    0.019840
numThreads  0.223597 -0.119374  0.244677    1.000000   -0.002272
GCInterval  0.030844  0.015329  0.019840   -0.002272    1.000000
R Means Squared
14.04933107673471
