
GC Util
47.35521688159437
11089
147.0
0.0
49.0
23.395818854878275
-430.98895099035104
0.0
heapSize
368.3408062043466
11089
640.62
100.0
368.75
156.3048647787349
numThreads
99.49950401298584
11089
100.0
25.0
100.0
6.106559226840885
GCInterval
99.99098205428804
11089
100
0
100.0
0.949628649102733
Correlation
                Time   GC Util  heapSize  numThreads  GCInterval
Time        1.000000  0.399137  0.981200   -0.091375    0.012428
GC Util     0.399137  1.000000  0.396618    0.076523    0.019223
heapSize    0.981200  0.396618  1.000000   -0.066187    0.016304
numThreads -0.091375  0.076523 -0.066187    1.000000   -0.000778
GCInterval  0.012428  0.019223  0.016304   -0.000778    1.000000
R Means Squared
35.994761695423485
