
GC Util
45.620795107033636
327
124.0
0.0
32.0
35.18169222873627
-18.46618296108852
1.0676165498848805e-62
heapSize
105.86752293577982
327
114.06
100.0
106.25
4.550682916988987
numThreads
93.57798165137615
327
100.0
25.0
100.0
21.018087555787034
GCInterval
99.69418960244649
327
100
0
100.0
5.530012636093308
Correlation
                Time   GC Util  heapSize  numThreads  GCInterval
Time        1.000000  0.411039  0.747014   -0.188431    0.127762
GC Util     0.411039  1.000000  0.405311    0.132969    0.071929
heapSize    0.747014  0.405311  1.000000   -0.198510    0.071521
numThreads -0.188431  0.132969 -0.198510    1.000000   -0.016949
GCInterval  0.127762  0.071929  0.071521   -0.016949    1.000000
R Means Squared
43.47863196225094
