
GC Util
13.929375242530075
2577
913.0
0.0
4.0
55.909612427203854
4.406833441706288
1.070164473137298e-05
heapSize
103.73639115250293
2577
139.06
100.0
100.0
7.3570969465191025
numThreads
98.83585564610011
2577
100.0
25.0
100.0
9.27302336461894
GCInterval
99.8930345362825
2577
107.65
0.0
102.45
14.277231152256777
Correlation
                Time   GC Util  heapSize  numThreads  GCInterval
Time        1.000000  0.089585  0.389720    0.025176    0.182916
GC Util     0.089585  1.000000  0.070826   -0.006224   -0.164438
heapSize    0.389720  0.070826  1.000000    0.033124   -0.026357
numThreads  0.025176 -0.006224  0.033124    1.000000   -0.004811
GCInterval  0.182916 -0.164438 -0.026357   -0.004811    1.000000
R Means Squared
56.22743327778152
