
GC Util
10.101568334578044
1339
745.0
0.0
4.0
32.26059560715863
1.5727290668031044
0.11586208397194438
heapSize
97.76958177744585
1339
128.91
73.44
100.0
9.28589969568337
numThreads
77.09111277072442
1339
100.0
25.0
100.0
30.10811217456141
GCInterval
100.0
1339
100
100
100.0
0.0
Correlation
                Time   GC Util  heapSize  numThreads  GCInterval
Time        1.000000  0.129357 -0.226205   -0.149115         NaN
GC Util     0.129357  1.000000 -0.096002   -0.237810         NaN
heapSize   -0.226205 -0.096002  1.000000    0.069117         NaN
numThreads -0.149115 -0.237810  0.069117    1.000000         NaN
GCInterval       NaN       NaN       NaN         NaN         NaN
R Means Squared
32.248706778292565
