
GC Util
23.587719298245613
570
310.0
0.0
24.0
27.918917059278925
-11.493413936840673
2.8310160167214784e-29
heapSize
100.18747368421053
570
103.12
100.0
100.0
0.4850882950180888
numThreads
59.078947368421055
570
100.0
25.0
50.0
23.005365285742393
GCInterval
100.0
570
100
100
100.0
0.0
Correlation
                Time   GC Util  heapSize  numThreads  GCInterval
Time        1.000000  0.076207  0.181124   -0.280754         NaN
GC Util     0.076207  1.000000  0.242975   -0.201367         NaN
heapSize    0.181124  0.242975  1.000000   -0.263342         NaN
numThreads -0.280754 -0.201367 -0.263342    1.000000         NaN
GCInterval       NaN       NaN       NaN         NaN         NaN
R Means Squared
31.02780303862181
