
GC Util
9.919491525423728
1180
234.0
0.0
5.0
18.625667254014417
1.847659822393007
0.06472985669238528
heapSize
98.19395762711865
1180
133.59
73.44
100.0
10.841150361088207
numThreads
100.0
1180
100
100
100.0
0.0
GCInterval
45.23728813559322
1180
190.0
10.0
35.0
38.629331357858696
Correlation
                Time   GC Util  heapSize  numThreads  GCInterval
Time        1.000000  0.163398 -0.066576         NaN   -0.442912
GC Util     0.163398  1.000000 -0.046910         NaN   -0.032498
heapSize   -0.066576 -0.046910  1.000000         NaN   -0.221206
numThreads       NaN       NaN       NaN         NaN         NaN
GCInterval -0.442912 -0.032498 -0.221206         NaN    1.000000
R Means Squared
18.61794741913552
