
GC Util
3.3426573426573425
572
151.0
0.0
0.0
13.10544860425646
-2.6256676343646603
0.008723282261814168
heapSize
96.97206293706294
572
102.34
74.22
100.0
8.368800407180615
numThreads
67.52622377622377
572
100.0
25.0
75.0
28.611309248067283
GCInterval
86.6520979020979
572
115.0
10.0
100.0
29.86583447932211
Correlation
                Time   GC Util  heapSize  numThreads  GCInterval
Time        1.000000  0.060835 -0.213581   -0.321602   -0.144678
GC Util     0.060835  1.000000 -0.099798   -0.113777    0.009961
heapSize   -0.213581 -0.099798  1.000000    0.065597    0.401401
numThreads -0.321602 -0.113777  0.065597    1.000000   -0.107983
GCInterval -0.144678  0.009961  0.401401   -0.107983    1.000000
R Means Squared
14.689204446556229
