
GC Util
7.673965936739659
822
84.0
0.0
5.0
9.370738844581954
-2.6730425615976823
0.007567907614445215
heapSize
98.62004866180048
822
100.0
74.22
100.0
5.8061942644773445
numThreads
64.44647201946472
822
100.0
25.0
50.0
28.573966345305067
GCInterval
76.13746958637469
822
125.0
10.0
85.0
27.158609914592162
Correlation
                Time   GC Util  heapSize  numThreads  GCInterval
Time        1.000000 -0.073781 -0.181329    0.041915   -0.548979
GC Util    -0.073781  1.000000  0.011920   -0.250208    0.153894
heapSize   -0.181329  0.011920  1.000000    0.006746    0.190181
numThreads  0.041915 -0.250208  0.006746    1.000000   -0.463425
GCInterval -0.548979  0.153894  0.190181   -0.463425    1.000000
R Means Squared
9.649577982023025
