
GC Util
12.640572390572391
1188
209.0
0.0
6.0
21.34803121461865
-1.568358006347639
0.11688992829856779
heapSize
94.3720202020202
1188
127.34
73.44
100.0
15.302613846124514
numThreads
54.524410774410775
1188
100.0
25.0
50.0
28.4395676418593
GCInterval
70.67340067340068
1188
130.0
10.0
75.0
26.126051765307704
Correlation
                Time   GC Util  heapSize  numThreads  GCInterval
Time        1.000000  0.122404 -0.175156   -0.334282   -0.285515
GC Util     0.122404  1.000000 -0.006876   -0.157276   -0.043627
heapSize   -0.175156 -0.006876  1.000000    0.082044    0.315938
numThreads -0.334282 -0.157276  0.082044    1.000000    0.012337
GCInterval -0.285515 -0.043627  0.315938    0.012337    1.000000
R Means Squared
21.50180087986681
