
GC Util
7.708433734939759
1245
309.0
0.0
4.0
15.047063398478524
-2.7667482947594975
0.005688984104608879
heapSize
99.51764658634538
1245
135.94
74.22
100.0
8.635253307348451
numThreads
78.47389558232932
1245
100.0
25.0
100.0
26.34028496853849
GCInterval
51.65461847389558
1245
135.0
10.0
45.0
31.11010792439241
Correlation
                Time   GC Util  heapSize  numThreads  GCInterval
Time        1.000000  0.138872  0.016078   -0.034352   -0.420140
GC Util     0.138872  1.000000  0.070008   -0.192097   -0.070448
heapSize    0.016078  0.070008  1.000000   -0.162300    0.165093
numThreads -0.034352 -0.192097 -0.162300    1.000000   -0.240615
GCInterval -0.420140 -0.070448  0.165093   -0.240615    1.000000
R Means Squared
15.214582943233975
