
GC Util
44.41654854712969
5644
1738.0
0.0
30.0
50.42241852219205
22.91801678009674
1.9014377648958723e-113
heapSize
165.43665485471297
5644
621.88
100.0
112.5
96.09823787680713
numThreads
96.34567682494685
5644
100.0
25.0
100.0
16.148261908461834
GCInterval
12.868878454996455
5644
200.0
0.0
10.0
14.446838273405367
Correlation
                Time   GC Util  heapSize  numThreads  GCInterval
Time        1.000000  0.320393 -0.049816    0.012326   -0.017604
GC Util     0.320393  1.000000 -0.124936    0.104085    0.020524
heapSize   -0.049816 -0.124936  1.000000    0.039448    0.041627
numThreads  0.012326  0.104085  0.039448    1.000000    0.026733
GCInterval -0.017604  0.020524  0.041627    0.026733    1.000000
R Means Squared
56.01908307282743
