
GC Util
110.02654867256638
113
227.0
0.0
128.0
67.46063139991237
0.7634049594359795
0.44522382956490936
heapSize
17690.15221238938
113
24946.09
100.0
24946.09
11347.802912124014
numThreads
100.0
113
100.0
100.0
100.0
0.0
GCInterval
99.11504424778761
113
100
0
100.0
9.407208683835975
Correlation
                Time   GC Util  heapSize  numThreads  GCInterval
Time        1.000000  0.728439  0.627066         NaN    0.095210
GC Util     0.728439  1.000000  0.877727         NaN    0.154799
heapSize    0.627066  0.877727  1.000000         NaN    0.147122
numThreads       NaN       NaN       NaN         NaN         NaN
GCInterval  0.095210  0.154799  0.147122         NaN    1.000000
R Means Squared
97.02773073185547
