
GC Util
105.53097345132744
113
256.0
0.0
117.0
67.36853213010775
0.27579398302436686
0.7827069086602453
heapSize
17690.15221238938
113
24946.09
100.0
24946.09
11347.802912124014
numThreads
100.0
113
100.0
100.0
100.0
0.0
GCInterval
99.11504424778761
113
100
0
100.0
9.407208683835975
Correlation
                Time   GC Util  heapSize  numThreads  GCInterval
Time        1.000000  0.706182  0.628113         NaN    0.096230
GC Util     0.706182  1.000000  0.851257         NaN    0.148677
heapSize    0.628113  0.851257  1.000000         NaN    0.147122
numThreads       NaN       NaN       NaN         NaN         NaN
GCInterval  0.096230  0.148677  0.147122         NaN    1.000000
R Means Squared
108.69177823031168
