
GC Util
14.674188998589562
1418
217.0
0.0
8.0
19.027363487052483
0.8540863642975087
0.393113080954118
heapSize
107.40248236953454
1418
141.41
100.0
103.12
10.077372007558774
numThreads
98.73060648801129
1418
100.0
25.0
100.0
9.677768530248454
GCInterval
12.242101551480959
1418
100.0
0.0
10.0
11.602943301227526
Correlation
                Time   GC Util  heapSize  numThreads  GCInterval
Time        1.000000  0.119488  0.516334   -0.039023   -0.209892
GC Util     0.119488  1.000000  0.020185   -0.035302   -0.086859
heapSize    0.516334  0.020185  1.000000    0.048095   -0.083009
numThreads -0.039023 -0.035302  0.048095    1.000000    0.021027
GCInterval -0.209892 -0.086859 -0.083009    0.021027    1.000000
R Means Squared
19.752202569510256
