
GC Util
33.20906555406907
44101
1036.0
0.0
27.0
31.075021655263416
96.71208691767183
0.0
heapSize
113.28964422575451
44101
174.22
100.0
107.81
16.492822466858378
numThreads
95.73479059431759
44101
100.0
25.0
100.0
17.369672863703833
GCInterval
11.093188363075669
44101
200.0
0.0
10.0
13.626094695905163
Correlation
                Time   GC Util  heapSize  numThreads  GCInterval
Time        1.000000  0.131778 -0.114780   -0.018863   -0.026962
GC Util     0.131778  1.000000 -0.081849    0.097568    0.011633
heapSize   -0.114780 -0.081849  1.000000    0.004630    0.002498
numThreads -0.018863  0.097568  0.004630    1.000000    0.009436
GCInterval -0.026962  0.011633  0.002498    0.009436    1.000000
R Means Squared
33.76558139881256
