
GC Util
9.650617283950618
810
114.0
0.0
6.0
13.502100037702693
0.8687153485697064
0.3850907307517265
heapSize
100.30044444444442
810
103.12
100.0
100.0
0.7794320140487594
numThreads
99.53703703703704
810
100.0
25.0
100.0
5.877970951603729
GCInterval
11.8
810
100.0
0.0
10.0
13.047716933690193
Correlation
                Time   GC Util  heapSize  numThreads  GCInterval
Time        1.000000 -0.248854  0.052514   -0.009258   -0.314259
GC Util    -0.248854  1.000000  0.056527   -0.056942   -0.130023
heapSize    0.052514  0.056527  1.000000   -0.001169   -0.053243
numThreads -0.009258 -0.056942 -0.001169    1.000000    0.010879
GCInterval -0.314259 -0.130023 -0.053243    0.010879    1.000000
R Means Squared
17.005627245846927
