
GC Util
42.98240469208211
7161
699.0
0.0
34.0
33.474687725128376
28.64757932722042
1.2811090088659347e-174
heapSize
148.06438486244937
7161
589.06
100.0
114.84
62.66528888039241
numThreads
95.23460410557185
7161
100.0
25.0
100.0
18.295967841580424
GCInterval
11.117804775869292
7161
200.0
0.0
10.0
11.79022112729856
Correlation
                Time   GC Util  heapSize  numThreads  GCInterval
Time        1.000000  0.424454 -0.080434   -0.004433   -0.012753
GC Util     0.424454  1.000000 -0.162764    0.163164   -0.006647
heapSize   -0.080434 -0.162764  1.000000    0.020331    0.013450
numThreads -0.004433  0.163164  0.020331    1.000000    0.022172
GCInterval -0.012753 -0.006647  0.013450    0.022172    1.000000
R Means Squared
40.60282211281191
