
GC Util
160.79310344827587
145
289.0
0.0
186.0
87.27350817908638
-7.653199978607826
2.068758291469768e-14
heapSize
19291.462620689657
145
24946.09
100.0
24946.09
10453.429344157632
numThreads
100.0
145
100.0
100.0
100.0
0.0
GCInterval
99.3103448275862
145
100
0
100.0
8.304547985373995
Correlation
                Time   GC Util  heapSize  numThreads  GCInterval
Time        1.000000  0.888050  0.914223         NaN    0.186455
GC Util     0.888050  1.000000  0.874936         NaN    0.154066
heapSize    0.914223  0.874936  1.000000         NaN    0.153522
numThreads       NaN       NaN       NaN         NaN         NaN
GCInterval  0.186455  0.154066  0.153522         NaN    1.000000
R Means Squared
165.48968089508972
