
GC Util
10.902132998745294
797
95.0
0.0
7.0
14.138420443264883
2.8931856174163264
0.003848525405514753
heapSize
100.28772898368884
797
101.56
100.0
100.0
0.605416495057772
numThreads
99.90589711417817
797
100.0
25.0
100.0
2.656636301159303
GCInterval
12.293538268506902
797
100.0
0.0
10.0
13.598911066278294
Correlation
                Time   GC Util  heapSize  numThreads  GCInterval
Time        1.000000 -0.301028  0.087159    0.023185   -0.327242
GC Util    -0.301028  1.000000  0.046109   -0.020314   -0.142774
heapSize    0.087159  0.046109  1.000000    0.016856   -0.076923
numThreads  0.023185 -0.020314  0.016856    1.000000    0.005982
GCInterval -0.327242 -0.142774 -0.076923    0.005982    1.000000
R Means Squared
16.80521667229436
