
GC Util
21.468478260869563
7360
1077.0
0.0
16.0
38.855848532836816
12.125533219264405
1.0727095006573315e-33
heapSize
914.9068423913047
7360
24946.09
100.0
110.94
4383.785263212853
numThreads
97.70720108695652
7360
100.0
25.0
100.0
12.912228489437636
GCInterval
12.91608695652174
7360
200.0
0.0
10.0
19.603583425570378
Correlation
                Time   GC Util  heapSize  numThreads  GCInterval
Time        1.000000 -0.001193  0.022833   -0.029054   -0.084953
GC Util    -0.001193  1.000000 -0.024517    0.007585    0.081017
heapSize    0.022833 -0.024517  1.000000    0.005474   -0.018164
numThreads -0.029054  0.007585  0.005474    1.000000    0.002386
GCInterval -0.084953  0.081017 -0.018164    0.002386    1.000000
R Means Squared
43.04636024607403
