
GC Util
71.86620151857173
4873
6158.0
0.0
39.0
215.16066321269716
11.71184523882217
1.7183613871995421e-31
heapSize
126.36077159860456
4873
228.12
100.0
123.44
27.89406080552359
numThreads
98.72255284219167
4873
100.0
25.0
100.0
9.705462162128587
GCInterval
27.681017853478345
4873
200.0
0.0
10.0
46.49198011192154
Correlation
                Time   GC Util  heapSize  numThreads  GCInterval
Time        1.000000  0.122811  0.635867   -0.020403    0.209174
GC Util     0.122811  1.000000  0.181670    0.027747    0.422746
heapSize    0.635867  0.181670  1.000000    0.002734    0.385132
numThreads -0.020403  0.027747  0.002734    1.000000    0.034714
GCInterval  0.209174  0.422746  0.385132    0.034714    1.000000
R Means Squared
221.30231297641063
