
GC Util
47.022064945878434
4804
2733.0
0.0
37.0
96.41968526749186
6.239497795937924
4.555427342910101e-10
heapSize
370.1403621981682
4804
24946.09
100.0
100.0
2469.3656685446317
numThreads
98.12656119900083
4804
100.0
25.0
100.0
11.705838739076357
GCInterval
19.09600333055787
4804
200.0
0.0
10.0
31.85908099264001
Correlation
                Time   GC Util  heapSize  numThreads  GCInterval
Time        1.000000  0.107659  0.047702    0.060432    0.169628
GC Util     0.107659  1.000000 -0.018346    0.026531    0.302214
heapSize    0.047702 -0.018346  1.000000    0.002852   -0.010583
numThreads  0.060432  0.026531  0.002852    1.000000    0.032874
GCInterval  0.169628  0.302214 -0.010583    0.032874    1.000000
R Means Squared
100.12498434253065
