
GC Util
105.25773195876289
97
229.0
0.0
119.0
72.08086869830584
-3.0902235840286525
0.0020017029797691284
heapSize
16493.29649484536
97
24946.09
100.0
24946.09
11832.691105027281
numThreads
100.0
97
100.0
100.0
100.0
0.0
GCInterval
98.96907216494846
97
100
0
100.0
10.15346165133619
Correlation
                Time   GC Util  heapSize  numThreads  GCInterval
Time        1.000000  0.865472  0.695005         NaN    0.111914
GC Util     0.865472  1.000000  0.894109         NaN    0.149813
heapSize    0.695005  0.894109  1.000000         NaN    0.142134
numThreads       NaN       NaN       NaN         NaN         NaN
GCInterval  0.111914  0.149813  0.142134         NaN    1.000000
R Means Squared
96.95699971541215
