
GC Util
3.254855518711511
2111
1103.0
0.0
0.0
26.265314988335117
-2.927994996152543
0.003424274464026663
heapSize
107.4050355281857
2111
120.31
100.0
106.25
5.881743227922405
numThreads
99.82235907153009
2111
100.0
25.0
100.0
3.646616600521105
GCInterval
11.121009000473707
2111
200.0
0.0
10.0
11.870958444214986
Correlation
                Time   GC Util  heapSize  numThreads  GCInterval
Time        1.000000 -0.145750  0.377428    0.057162   -0.113888
GC Util    -0.145750  1.000000 -0.083409   -0.031072    0.012063
heapSize    0.377428 -0.083409  1.000000    0.009554   -0.101424
numThreads  0.057162 -0.031072  0.009554    1.000000    0.004274
GCInterval -0.113888  0.012063 -0.101424    0.004274    1.000000
R Means Squared
31.14385716218997
