
GC Util
142.70344827586206
145
289.0
0.0
168.0
80.35676734084855
-12.061545543462747
2.3317680453544543e-33
heapSize
19291.462620689657
145
24946.09
100.0
24946.09
10453.429344157632
numThreads
100.0
145
100.0
100.0
100.0
0.0
GCInterval
99.3103448275862
145
100
0
100.0
8.304547985373995
Correlation
                Time   GC Util  heapSize  numThreads  GCInterval
Time        1.000000  0.850246  0.799404         NaN    0.129880
GC Util     0.850246  1.000000  0.859054         NaN    0.148502
heapSize    0.799404  0.859054  1.000000         NaN    0.153522
numThreads       NaN       NaN       NaN         NaN         NaN
GCInterval  0.129880  0.148502  0.153522         NaN    1.000000
R Means Squared
146.52240031170473
