
GC Util
115.0310391363023
5928
4247.0
0.0
42.0
329.077221684748
17.772044033174932
9.328201940405603e-70
heapSize
125.33336875843455
5928
267.19
100.0
117.19
29.91524947316992
numThreads
97.78593117408907
5928
100.0
25.0
100.0
12.695678431198493
GCInterval
30.956840418353575
5928
200.0
0.0
10.0
48.622656557866385
Correlation
                Time   GC Util  heapSize  numThreads  GCInterval
Time        1.000000  0.253843  0.678067    0.138573    0.375697
GC Util     0.253843  1.000000  0.300164    0.042323    0.529319
heapSize    0.678067  0.300164  1.000000    0.098098    0.481618
numThreads  0.138573  0.042323  0.098098    1.000000    0.065700
GCInterval  0.375697  0.529319  0.481618    0.065700    1.000000
R Means Squared
342.49736988853914
