
GC Util
30.492431517359496
101011
18547.0
0.0
24.0
151.01589605383742
35.13005796843637
3.2621395608277125e-269
heapSize
467.5018585104593
101011
24946.09
100.0
110.94
2946.8803663360945
numThreads
98.00640524299334
101011
100.0
25.0
100.0
12.06427070398889
GCInterval
12.440362435774322
101011
200.0
0.0
10.0
14.947980707880124
Correlation
                Time   GC Util  heapSize  numThreads  GCInterval
Time        1.000000  0.020308  0.244011    0.011291    0.008373
GC Util     0.020308  1.000000 -0.016240    0.011541   -0.001624
heapSize    0.244011 -0.016240  1.000000    0.010447   -0.014808
numThreads  0.011291  0.011541  0.010447    1.000000    0.003392
GCInterval  0.008373 -0.001624 -0.014808    0.003392    1.000000
R Means Squared
151.37921325159138
