
GC Util
10.672855879752431
1131
432.0
0.0
5.0
24.631998698640565
2.8016198850544725
0.005110956545257649
heapSize
323.98025641025635
1131
24946.09
100.0
100.0
2326.578476098496
numThreads
99.13793103448276
1131
100.0
25.0
100.0
7.998035309558134
GCInterval
11.76295313881521
1131
100.0
0.0
10.0
11.812997294360274
Correlation
                Time   GC Util  heapSize  numThreads  GCInterval
Time        1.000000  0.069684  0.054624   -0.020217   -0.288998
GC Util     0.069684  1.000000 -0.007804   -0.047588   -0.032256
heapSize    0.054624 -0.007804  1.000000    0.010182   -0.014074
numThreads -0.020217 -0.047588  0.010182    1.000000   -0.012878
GCInterval -0.288998 -0.032256 -0.014074   -0.012878    1.000000
R Means Squared
26.32858746924249
