
GC Util
54.679398618447784
4922
4587.0
0.0
38.0
149.44355102275975
8.019633608354473
1.1697429127670547e-15
heapSize
127.40421373425437
4922
284.38
100.0
110.94
37.4407749565241
numThreads
97.66863063795205
4922
100.0
25.0
100.0
13.017367110465164
GCInterval
21.485686712718408
4922
200.0
0.0
10.0
35.55394860427171
Correlation
                Time   GC Util  heapSize  numThreads  GCInterval
Time        1.000000  0.110749  0.644310    0.083414    0.205050
GC Util     0.110749  1.000000  0.177050    0.025563    0.333264
heapSize    0.644310  0.177050  1.000000    0.063392    0.345520
numThreads  0.083414  0.025563  0.063392    1.000000    0.046515
GCInterval  0.205050  0.333264  0.345520    0.046515    1.000000
R Means Squared
153.39979847273273
