
GC Util
15.316912972085387
1218
133.0
0.0
9.0
19.49269655684748
1.567384506041345
0.11711636693628066
heapSize
109.65054187192119
1218
142.19
100.0
103.12
11.039004569789618
numThreads
98.89162561576354
1218
100.0
25.0
100.0
9.053556280942564
GCInterval
12.25632183908046
1218
100.0
0.0
10.0
12.216136476158924
Correlation
                Time   GC Util  heapSize  numThreads  GCInterval
Time        1.000000  0.126756  0.592963   -0.046287   -0.254772
GC Util     0.126756  1.000000  0.109631   -0.028738   -0.097971
heapSize    0.592963  0.109631  1.000000    0.026188   -0.074076
numThreads -0.046287 -0.028738  0.026188    1.000000    0.013715
GCInterval -0.254772 -0.097971 -0.074076    0.013715    1.000000
R Means Squared
31.446908369138793
