
GC Util
24.515952621620922
77166
20613.0
0.0
19.0
129.3745783811266
31.400500977732314
1.4948116744661987e-215
heapSize
283.16340577456396
77166
24946.09
100.0
119.53
2011.7179560314148
numThreads
98.10765103802193
77166
100.0
25.0
100.0
11.7620993195681
GCInterval
11.89333644351139
77166
200.0
0.0
10.0
14.466836992241559
Correlation
                Time   GC Util  heapSize  numThreads  GCInterval
Time        1.000000  0.030917  0.183096   -0.007435    0.011176
GC Util     0.030917  1.000000 -0.010308    0.005675    0.001280
heapSize    0.183096 -0.010308  1.000000    0.012153   -0.007628
numThreads -0.007435  0.005675  0.012153    1.000000    0.006523
GCInterval  0.011176  0.001280 -0.007628    0.006523    1.000000
R Means Squared
129.45253359129276
