
GC Util
72.25493667189838
54794
7165.0
0.0
71.0
132.7191370899849
30.90509959596896
3.919688810144006e-208
heapSize
106.49465580173012
54794
138.28
100.0
101.56
8.119175725687462
numThreads
99.22938642917107
54794
100.0
25.0
100.0
7.563280803014154
GCInterval
15.359997444975729
54794
200.0
0.0
12.4
16.124984212752228
Correlation
                Time   GC Util  heapSize  numThreads  GCInterval
Time        1.000000  0.030060 -0.195805    0.043509   -0.027842
GC Util     0.030060  1.000000 -0.021920    0.039176    0.021160
heapSize   -0.195805 -0.021920  1.000000   -0.019730   -0.011353
numThreads  0.043509  0.039176 -0.019730    1.000000    0.011283
GCInterval -0.027842  0.021160 -0.011353    0.011283    1.000000
R Means Squared
142.6345900937068
