
GC Util
29.702535827861066
96852
12861.0
0.0
24.0
122.06934440680276
42.07760872847204
0.0
heapSize
363.505556106224
96852
24946.09
100.0
112.5
2475.150787134935
numThreads
98.40633130962706
96852
100.0
25.0
100.0
10.816033458411459
GCInterval
12.773877669020775
96852
200.0
0.0
10.0
15.062631517282945
Correlation
                Time   GC Util  heapSize  numThreads  GCInterval
Time        1.000000  0.013943  0.202707    0.007879    0.004184
GC Util     0.013943  1.000000 -0.017675    0.011763    0.000548
heapSize    0.202707 -0.017675  1.000000    0.010558   -0.013205
numThreads  0.007879  0.011763  0.010558    1.000000    0.012694
GCInterval  0.004184  0.000548 -0.013205    0.012694    1.000000
R Means Squared
122.45370632558084
