
GC Util
150.81379310344826
145
293.0
0.0
175.0
82.68002128410605
-10.085380124160638
7.522209444912601e-24
heapSize
19291.462620689657
145
24946.09
100.0
24946.09
10453.429344157632
numThreads
100.0
145
100.0
100.0
100.0
0.0
GCInterval
99.3103448275862
145
100
0
100.0
8.304547985373995
Correlation
                Time   GC Util  heapSize  numThreads  GCInterval
Time        1.000000  0.870439  0.891880         NaN    0.182250
GC Util     0.870439  1.000000  0.848020         NaN    0.152532
heapSize    0.891880  0.848020  1.000000         NaN    0.153522
numThreads       NaN       NaN       NaN         NaN         NaN
GCInterval  0.182250  0.152532  0.153522         NaN    1.000000
R Means Squared
138.08887692726913
