
GC Util
26.39698697068404
12280
2141.0
0.0
19.0
66.74288034386622
14.857825083165336
1.090143081577335e-49
heapSize
415.92399511400663
12280
24946.09
100.0
100.0
2764.53656702401
numThreads
96.63477198697069
12280
100.0
25.0
100.0
15.526975683862318
GCInterval
12.949845276872962
12280
200.0
0.0
10.0
20.66695878681845
Correlation
                Time   GC Util  heapSize  numThreads  GCInterval
Time        1.000000 -0.117511 -0.051878   -0.045279   -0.104505
GC Util    -0.117511  1.000000 -0.022821    0.021570    0.131681
heapSize   -0.051878 -0.022821  1.000000    0.020955   -0.008105
numThreads -0.045279  0.021570  0.020955    1.000000    0.023545
GCInterval -0.104505  0.131681 -0.008105    0.023545    1.000000
R Means Squared
67.04603467373974
