
GC Util
147.95862068965516
145
293.0
0.0
163.0
86.2162877643318
13.092274061919577
4.9796390012242085e-39
heapSize
19291.462620689657
145
24946.09
100.0
24946.09
10453.429344157632
numThreads
100.0
145
100.0
100.0
100.0
0.0
GCInterval
99.3103448275862
145
100
0
100.0
8.304547985373997
Correlation
                Time   GC Util  heapSize  numThreads  GCInterval
Time        1.000000  0.829844  0.907296         NaN    0.183330
GC Util     0.829844  1.000000  0.814726         NaN    0.143507
heapSize    0.907296  0.814726  1.000000         NaN    0.153522
numThreads       NaN       NaN       NaN         NaN         NaN
GCInterval  0.183330  0.143507  0.153522         NaN    1.000000
R Means Squared
137.9748102947131
