
GC Util
50.63090745732255
5565
6925.0
0.0
38.0
141.1972186135334
6.34779372826813
2.266562412943239e-10
heapSize
119.81590476190476
5565
656.25
100.0
100.0
39.93149925035742
numThreads
97.26415094339623
5565
100.0
25.0
100.0
14.061982145513806
GCInterval
13.684393530997303
5565
200.0
0.0
10.0
20.024017243023827
Correlation
                Time   GC Util  heapSize  numThreads  GCInterval
Time        1.000000  0.087381  0.306515    0.063432    0.060686
GC Util     0.087381  1.000000  0.092220    0.029383    0.200918
heapSize    0.306515  0.092220  1.000000    0.043662    0.169253
numThreads  0.063432  0.029383  0.043662    1.000000    0.032626
GCInterval  0.060686  0.200918  0.169253    0.032626    1.000000
R Means Squared
144.46911271376277
