
GC Util
14.387422360248447
1288
192.0
0.0
9.0
17.232440726642025
0.483600338214857
0.6286995558599048
heapSize
109.66770186335404
1288
142.19
100.0
103.12
11.752632107695323
numThreads
99.35947204968944
1288
100.0
25.0
100.0
6.904080549716985
GCInterval
12.191770186335404
1288
100.0
0.0
10.0
11.668901642865718
Correlation
                Time   GC Util  heapSize  numThreads  GCInterval
Time        1.000000  0.073527  0.615060   -0.030959   -0.236952
GC Util     0.073527  1.000000  0.024263   -0.028281   -0.103899
heapSize    0.615060  0.024263  1.000000    0.015236   -0.092878
numThreads -0.030959 -0.028281  0.015236    1.000000    0.017440
GCInterval -0.236952 -0.103899 -0.092878    0.017440    1.000000
R Means Squared
18.117049552066963
