
GC Util
3.0190972222222223
576
109.0
0.0
0.0
10.959434286459636
-3.0931365031903386
0.002011758743346791
heapSize
100.04748263888888
576
105.47
100.0
100.0
0.5078614152397994
numThreads
100.0
576
100.0
100.0
100.0
0.0
GCInterval
12.393055555555556
576
100.0
0.0
10.0
15.401592928470079
Correlation
                Time   GC Util  heapSize  numThreads  GCInterval
Time        1.000000  0.031430  0.155620         NaN   -0.316902
GC Util     0.031430  1.000000 -0.007000         NaN   -0.059383
heapSize    0.155620 -0.007000  1.000000         NaN   -0.014552
numThreads       NaN       NaN       NaN         NaN         NaN
GCInterval -0.316902 -0.059383 -0.014552         NaN    1.000000
R Means Squared
20.20524031312449
