
GC Util
26.160398230088497
9040
1074.0
0.0
19.0
41.66640790613273
21.421807299003717
1.4272170042645232e-100
heapSize
1088.0758639380533
9040
24946.09
100.0
108.59
4823.795527310411
numThreads
97.9341814159292
9040
100.0
25.0
100.0
12.27540044675384
GCInterval
12.725215707964603
9040
200.0
0.0
10.0
19.772684179702257
Correlation
                Time   GC Util  heapSize  numThreads  GCInterval
Time        1.000000 -0.076520  0.593986   -0.015732   -0.051525
GC Util    -0.076520  1.000000 -0.070456    0.026182    0.160421
heapSize    0.593986 -0.070456  1.000000   -0.004321   -0.019514
numThreads -0.015732  0.026182 -0.004321    1.000000    0.005872
GCInterval -0.051525  0.160421 -0.019514    0.005872    1.000000
R Means Squared
42.11707502723281
