
GC Util
69.394518836906
54441
7253.0
0.0
73.0
79.5069861537488
48.126064644501604
0.0
heapSize
104.27684906596133
54441
123.44
100.0
100.0
6.368967524997611
numThreads
95.63839753127239
54441
100.0
25.0
100.0
17.55284217551846
GCInterval
11.245639315956723
54441
200.0
0.0
10.0
13.411099887701186
Correlation
                Time   GC Util  heapSize  numThreads  GCInterval
Time        1.000000  0.056349 -0.126102    0.022771   -0.014211
GC Util     0.056349  1.000000 -0.056680    0.136688    0.009322
heapSize   -0.126102 -0.056680  1.000000   -0.022100   -0.007444
numThreads  0.022771  0.136688 -0.022100    1.000000    0.018503
GCInterval -0.014211  0.009322 -0.007444    0.018503    1.000000
R Means Squared
93.60055141081207
