
GC Util
76.77056348828052
48253
6761.0
0.0
72.0
137.79808839917652
32.52635437554378
6.655785016097936e-230
heapSize
107.35460054297143
48253
128.91
100.0
102.34
7.584132682712092
numThreads
98.80940045178538
48253
100.0
25.0
100.0
9.374393849762535
GCInterval
16.6626676061592
48253
200.0
0.0
13.2
17.095648364295588
Correlation
                Time   GC Util  heapSize  numThreads  GCInterval
Time        1.000000  0.017261 -0.220045    0.017326   -0.065157
GC Util     0.017261  1.000000 -0.060424    0.049719    0.066783
heapSize   -0.220045 -0.060424  1.000000   -0.000465   -0.090012
numThreads  0.017326  0.049719 -0.000465    1.000000    0.021139
GCInterval -0.065157  0.066783 -0.090012    0.021139    1.000000
R Means Squared
149.0329377337178
