
GC Util
29.057212563465722
90994
10460.0
0.0
24.0
112.06643145365211
44.61026838881995
0.0
heapSize
233.17555113523971
90994
24946.09
100.0
112.5
1714.7992842230337
numThreads
98.35978196364596
90994
100.0
25.0
100.0
10.969382839779147
GCInterval
12.660272105853133
90994
200.0
0.0
10.0
15.005372082713636
Correlation
                Time   GC Util  heapSize  numThreads  GCInterval
Time        1.000000  0.018930  0.129935    0.015240    0.010785
GC Util     0.018930  1.000000 -0.011966    0.012027    0.000568
heapSize    0.129935 -0.011966  1.000000    0.007024   -0.007703
numThreads  0.015240  0.012027  0.007024    1.000000    0.008236
GCInterval  0.010785  0.000568 -0.007703    0.008236    1.000000
R Means Squared
112.59880832766935
