
GC Util
32.39401336390759
40557
6720.0
0.0
27.0
60.38081219371611
50.814382133721445
0.0
heapSize
528.9968392632591
40557
24946.09
100.0
104.69
3167.078064188108
numThreads
98.09342406982765
40557
100.0
25.0
100.0
11.805151383037538
GCInterval
11.497271741006484
40557
200.0
0.0
10.0
15.48061867966049
Correlation
                Time   GC Util  heapSize  numThreads  GCInterval
Time        1.000000  0.077525 -0.084114   -0.008608   -0.051462
GC Util     0.077525  1.000000 -0.037810    0.032610    0.042331
heapSize   -0.084114 -0.037810  1.000000    0.005981   -0.007601
numThreads -0.008608  0.032610  0.005981    1.000000   -0.006228
GCInterval -0.051462  0.042331 -0.007601   -0.006228    1.000000
R Means Squared
61.63898242308526
