
GC Util
235.40259454705364
4548
4025.0
0.0
70.0
392.4947876253112
26.48925135646638
1.1269158403823205e-147
heapSize
132.05538918205806
4548
242.19
100.0
138.28
32.98175719845392
numThreads
98.97757255936675
4548
100.0
25.0
100.0
8.697892537532873
GCInterval
64.973109058927
4548
200.0
0.0
20.4
66.85926725460189
Correlation
                Time   GC Util  heapSize  numThreads  GCInterval
Time        1.000000  0.391182  0.330946    0.041180    0.567107
GC Util     0.391182  1.000000  0.216702    0.032883    0.482089
heapSize    0.330946  0.216702  1.000000    0.025467    0.433720
numThreads  0.041180  0.032883  0.025467    1.000000    0.076852
GCInterval  0.567107  0.482089  0.433720    0.076852    1.000000
R Means Squared
447.67908544449017
