
GC Util
86.76766513056836
2604
2129.0
0.0
35.0
191.81877375784646
13.704717079984535
4.897175172441024e-42
heapSize
129.21935867895544
2604
221.88
100.0
100.0
35.02062945424991
numThreads
98.67511520737327
2604
100.0
25.0
100.0
9.881727539872637
GCInterval
37.5823732718894
2604
200.0
0.0
10.0
57.22325956498222
Correlation
                Time   GC Util  heapSize  numThreads  GCInterval
Time        1.000000  0.233989  0.499787    0.007157    0.254914
GC Util     0.233989  1.000000  0.326236    0.045652    0.459172
heapSize    0.499787  0.326236  1.000000    0.045431    0.518554
numThreads  0.007157  0.045652  0.045431    1.000000    0.063142
GCInterval  0.254914  0.459172  0.518554    0.063142    1.000000
R Means Squared
203.07198995163904
