
GC Util
31.8035128451017
39626
6374.0
0.0
26.0
88.20211692288646
34.13183568319724
2.7120134833913324e-253
heapSize
526.0482402967749
39626
24946.09
100.0
114.84
3156.117618107459
numThreads
98.38552970272043
39626
100.0
25.0
100.0
10.884932152079315
GCInterval
11.501275677585424
39626
200.0
0.0
10.0
15.332943789422085
Correlation
                Time   GC Util  heapSize  numThreads  GCInterval
Time        1.000000  0.017089  0.170197    0.014822   -0.052106
GC Util     0.017089  1.000000 -0.026372    0.019877    0.015593
heapSize    0.170197 -0.026372  1.000000   -0.000044   -0.004655
numThreads  0.014822  0.019877 -0.000044    1.000000   -0.002408
GCInterval -0.052106  0.015593 -0.004655   -0.002408    1.000000
R Means Squared
88.98730257277904
