
GC Util
11.604166666666666
1152
797.0
0.0
4.0
39.19189684684219
3.091996653432296
0.002002791438253825
heapSize
104.24854166666667
1152
140.62
100.0
100.0
9.044462550291842
numThreads
99.47916666666667
1152
100.0
25.0
100.0
6.230965803089455
GCInterval
12.929644097222223
1152
200.0
0.0
10.0
17.668499340453245
Correlation
                Time   GC Util  heapSize  numThreads  GCInterval
Time        1.000000  0.052612  0.270358    0.004299   -0.202245
GC Util     0.052612  1.000000  0.095638   -0.017922    0.002553
heapSize    0.270358  0.095638  1.000000    0.021238    0.044206
numThreads  0.004299 -0.017922  0.021238    1.000000    0.019761
GCInterval -0.202245  0.002553  0.044206    0.019761    1.000000
R Means Squared
48.383827790561035
