
GC Util
2.0887869945810755
2399
158.0
0.0
0.0
10.104377872869216
-6.894540374777015
5.926873550724787e-12
heapSize
106.81334722801166
2399
121.88
100.0
106.25
4.984805420471921
numThreads
99.93747394747811
2399
100.0
25.0
100.0
2.1650631331116763
GCInterval
10.768445185493956
2399
200.0
0.0
10.0
8.960548466243887
Correlation
                Time   GC Util  heapSize  numThreads  GCInterval
Time        1.000000 -0.255741  0.366798    0.034974   -0.119793
GC Util    -0.255741  1.000000 -0.195277   -0.051214   -0.023780
heapSize    0.366798 -0.195277  1.000000    0.003265   -0.098685
numThreads  0.034974 -0.051214  0.003265    1.000000    0.000543
GCInterval -0.119793 -0.023780 -0.098685    0.000543    1.000000
R Means Squared
39.234117359581454
