
GC Util
14.566274509803922
1275
305.0
0.0
8.0
20.3099056692032
0.6779197352452204
0.49786722005402384
heapSize
109.09076862745097
1275
140.62
100.0
107.03
9.397583135918683
numThreads
98.70588235294117
1275
100.0
25.0
100.0
9.770309760283652
GCInterval
11.380588235294118
1275
100.0
0.0
10.0
10.56507873071487
Correlation
                Time   GC Util  heapSize  numThreads  GCInterval
Time        1.000000  0.063290  0.652935   -0.040947   -0.286631
GC Util     0.063290  1.000000  0.031372   -0.035168   -0.085394
heapSize    0.652935  0.031372  1.000000   -0.020013   -0.104007
numThreads -0.040947 -0.035168 -0.020013    1.000000    0.022997
GCInterval -0.286631 -0.085394 -0.104007    0.022997    1.000000
R Means Squared
21.01652011268894
