
GC Util
106.49557522123894
113
235.0
0.0
116.0
67.73466140202167
0.38041813578859957
0.7036359096994941
heapSize
17690.15221238938
113
24946.09
100.0
24946.09
11347.802912124014
numThreads
100.0
113
100.0
100.0
100.0
0.0
GCInterval
99.11504424778761
113
100
0
100.0
9.407208683835975
Correlation
                Time   GC Util  heapSize  numThreads  GCInterval
Time        1.000000  0.731272  0.618063         NaN    0.091800
GC Util     0.731272  1.000000  0.853822         NaN    0.149225
heapSize    0.618063  0.853822  1.000000         NaN    0.147122
numThreads       NaN       NaN       NaN         NaN         NaN
GCInterval  0.091800  0.149225  0.147122         NaN    1.000000
R Means Squared
109.67619275228863
