
GC Util
142.86206896551724
145
282.0
0.0
161.0
83.12161611238137
12.1163116867506
1.0888966220231378e-33
heapSize
19291.462620689657
145
24946.09
100.0
24946.09
10453.429344157632
numThreads
100.0
145
100.0
100.0
100.0
0.0
GCInterval
99.3103448275862
145
100
0
100.0
8.304547985373997
Correlation
                Time   GC Util  heapSize  numThreads  GCInterval
Time        1.000000  0.834398  0.911392         NaN    0.184563
GC Util     0.834398  1.000000  0.806300         NaN    0.143722
heapSize    0.911392  0.806300  1.000000         NaN    0.153522
numThreads       NaN       NaN       NaN         NaN         NaN
GCInterval  0.184563  0.143722  0.153522         NaN    1.000000
R Means Squared
148.17773577467818
