
GC Util
72.96819490413426
51061
7725.0
0.0
72.0
149.46982374024844
27.865842131151947
9.054282697702484e-170
heapSize
289.53859560133964
51061
24946.09
100.0
104.69
2123.6970466501607
numThreads
98.23740232271204
51061
100.0
25.0
100.0
11.361804583297241
GCInterval
15.373128219188812
51061
200.0
0.0
12.8
16.11502755465046
Correlation
                Time   GC Util  heapSize  numThreads  GCInterval
Time        1.000000  0.057448 -0.067325    0.037736    0.014294
GC Util     0.057448  1.000000 -0.026326    0.049270    0.012993
heapSize   -0.067325 -0.026326  1.000000   -0.003311   -0.020365
numThreads  0.037736  0.049270 -0.003311    1.000000    0.014865
GCInterval  0.014294  0.012993 -0.020365    0.014865    1.000000
R Means Squared
153.0610745559165
