
GC Util
148.48275862068965
145
282.0
0.0
170.0
83.21158635339357
13.198399686672756
1.236730217854959e-39
heapSize
19291.462620689657
145
24946.09
100.0
24946.09
10453.429344157632
numThreads
100.0
145
100.0
100.0
100.0
0.0
GCInterval
99.3103448275862
145
100
0
100.0
8.304547985373995
Correlation
                Time   GC Util  heapSize  numThreads  GCInterval
Time        1.000000  0.881490  0.883480         NaN    0.182403
GC Util     0.881490  1.000000  0.855709         NaN    0.149215
heapSize    0.883480  0.855709  1.000000         NaN    0.153522
numThreads       NaN       NaN       NaN         NaN         NaN
GCInterval  0.182403  0.149215  0.153522         NaN    1.000000
R Means Squared
152.91904552003527
