
GC Util
44.70761451516954
6724
1471.0
0.0
38.0
35.95510358029447
29.637962938657942
4.3079671413348195e-186
heapSize
156.2494185008923
6724
546.09
100.0
115.62
86.10979237114871
numThreads
97.55725758477097
6724
100.0
25.0
100.0
13.314092296170996
GCInterval
12.418642177275434
6724
200.0
0.0
10.0
13.915180847734218
Correlation
                Time   GC Util  heapSize  numThreads  GCInterval
Time        1.000000  0.369605 -0.071475    0.002365   -0.004920
GC Util     0.369605  1.000000 -0.205478    0.112440   -0.000761
heapSize   -0.071475 -0.205478  1.000000   -0.011329   -0.005848
numThreads  0.002365  0.112440 -0.011329    1.000000    0.017804
GCInterval -0.004920 -0.000761 -0.005848    0.017804    1.000000
R Means Squared
43.623885963217745
