
GC Util
105.5575221238938
113
235.0
0.0
107.0
67.4311736477988
-27.51243719140807
1.2534867042904366e-165
heapSize
17690.15221238938
113
24946.09
100.0
24946.09
11347.802912124014
numThreads
100.0
113
100.0
100.0
100.0
0.0
GCInterval
99.11504424778761
113
100
0
100.0
9.407208683835975
Correlation
                Time   GC Util  heapSize  numThreads  GCInterval
Time        1.000000  0.781401  0.618196         NaN    0.091826
GC Util     0.781401  1.000000  0.858837         NaN    0.148576
heapSize    0.618196  0.858837  1.000000         NaN    0.147122
numThreads       NaN       NaN       NaN         NaN         NaN
GCInterval  0.091826  0.148576  0.147122         NaN    1.000000
R Means Squared
108.75115704806103
