
GC Util
41.843548838511055
7146
1420.0
0.0
32.0
47.45908935826086
21.645866130802197
6.01386235202198e-102
heapSize
150.87666666666667
7146
525.78
100.0
114.06
77.38376048962563
numThreads
96.70445004198153
7146
100.0
25.0
100.0
15.373310319750814
GCInterval
13.045158130422616
7146
200.0
0.0
10.0
14.623506018308452
Correlation
                Time   GC Util  heapSize  numThreads  GCInterval
Time        1.000000  0.225744 -0.026491   -0.005179    0.002660
GC Util     0.225744  1.000000 -0.041418    0.093658    0.019411
heapSize   -0.026491 -0.041418  1.000000    0.021784    0.020282
numThreads -0.005179  0.093658  0.021784    1.000000    0.006358
GCInterval  0.002660  0.019411  0.020282    0.006358    1.000000
R Means Squared
52.241655756088925
