
GC Util
42.04553603442094
5578
1570.0
0.0
32.0
49.282458357752624
20.515485334541996
1.0275317106107005e-91
heapSize
170.04045894585872
5578
525.78
100.0
132.03
83.09178280277091
numThreads
97.7949085693797
5578
100.0
25.0
100.0
12.670762071647788
GCInterval
13.527644316959487
5578
200.0
0.0
10.0
15.5260637219228
Correlation
                Time   GC Util  heapSize  numThreads  GCInterval
Time        1.000000  0.281027  0.065637    0.029112    0.016963
GC Util     0.281027  1.000000 -0.079460    0.074719    0.028173
heapSize    0.065637 -0.079460  1.000000    0.011029    0.003519
numThreads  0.029112  0.074719  0.011029    1.000000    0.020353
GCInterval  0.016963  0.028173  0.003519    0.020353    1.000000
R Means Squared
49.32047750796297
