
GC Util
154.18620689655174
145
288.0
0.0
172.0
92.9905898918225
14.277357215549626
4.702410564158134e-46
heapSize
19291.462620689657
145
24946.09
100.0
24946.09
10453.429344157632
numThreads
100.0
145
100.0
100.0
100.0
0.0
GCInterval
99.3103448275862
145
100
0
100.0
8.304547985373997
Correlation
                Time   GC Util  heapSize  numThreads  GCInterval
Time        1.000000  0.783664  0.787982         NaN    0.127426
GC Util     0.783664  1.000000  0.814217         NaN    0.138653
heapSize    0.787982  0.814217  1.000000         NaN    0.153522
numThreads       NaN       NaN       NaN         NaN         NaN
GCInterval  0.127426  0.138653  0.153522         NaN    1.000000
R Means Squared
163.07529464679172
