
GC Util
157.9886014905743
2281
6389.0
0.0
36.0
340.7195042432578
18.6241398527749
6.718613066442736e-75
heapSize
153.95537483559843
2281
265.62
100.0
152.34
44.2755610042247
numThreads
98.81630863656291
2281
100.0
25.0
100.0
9.349548101442814
GCInterval
55.48404208680404
2281
200.0
0.0
10.0
67.73360669192564
Correlation
                Time   GC Util  heapSize  numThreads  GCInterval
Time        1.000000  0.282748  0.491288   -0.007519    0.373027
GC Util     0.282748  1.000000  0.261310    0.050914    0.507281
heapSize    0.491288  0.261310  1.000000    0.057008    0.436909
numThreads -0.007519  0.050914  0.057008    1.000000    0.084264
GCInterval  0.373027  0.507281  0.436909    0.084264    1.000000
R Means Squared
367.53195842635023
