
GC Util
50.33643218675757
9681
2178.0
0.0
49.0
53.457644506995784
30.37557493951352
1.6182410223990728e-196
heapSize
134.3392738353476
9681
545.31
100.0
116.41
57.36026635054335
numThreads
98.1794236132631
9681
100.0
25.0
100.0
11.543071251791803
GCInterval
13.301766346451812
9681
200.0
0.0
10.0
14.608829337320994
Correlation
                Time   GC Util  heapSize  numThreads  GCInterval
Time        1.000000  0.203642 -0.067090    0.039850    0.037188
GC Util     0.203642  1.000000 -0.075409    0.087956    0.019789
heapSize   -0.067090 -0.075409  1.000000   -0.029517   -0.002592
numThreads  0.039850  0.087956 -0.029517    1.000000    0.004039
GCInterval  0.037188  0.019789 -0.002592    0.004039    1.000000
R Means Squared
61.46318967943067
