
GC Util
107.87254901960785
102
225.0
0.0
119.0
71.31129242344115
-2.823094938660578
0.004759061461465056
heapSize
16907.649117647063
102
24946.09
100.0
24946.09
11680.966988301536
numThreads
100.0
102
100.0
100.0
100.0
0.0
GCInterval
99.01960784313725
102
100
0
100.0
9.901475429766743
Correlation
                Time   GC Util  heapSize  numThreads  GCInterval
Time        1.000000  0.833747  0.680994         NaN    0.106237
GC Util     0.833747  1.000000  0.877053         NaN    0.151263
heapSize    0.680994  0.877053  1.000000         NaN    0.143882
numThreads       NaN       NaN       NaN         NaN         NaN
GCInterval  0.106237  0.151263  0.143882         NaN    1.000000
R Means Squared
112.94702037577045
