
GC Util
46.02237573209191
6659
1612.0
0.0
37.0
43.20272523823933
28.169622257077776
7.390961156289967e-169
heapSize
157.2439600540622
6659
610.16
100.0
116.41
82.36693786508187
numThreads
97.42078390148671
6659
100.0
25.0
100.0
13.668098130488424
GCInterval
12.808221955248532
6659
200.0
0.0
10.0
13.431779540116457
Correlation
                Time   GC Util  heapSize  numThreads  GCInterval
Time        1.000000  0.327597 -0.101281    0.022705    0.005354
GC Util     0.327597  1.000000 -0.129940    0.106392    0.025859
heapSize   -0.101281 -0.129940  1.000000    0.005277    0.007040
numThreads  0.022705  0.106392  0.005277    1.000000    0.024364
GCInterval  0.005354  0.025859  0.007040    0.024364    1.000000
R Means Squared
50.43172823823371
