
GC Util
110.76923076923077
104
240.0
0.0
122.5
75.27983145999502
-17.071857179914396
5.709821423771341e-65
heapSize
17062.23451923077
104
24946.09
100.0
24946.09
11620.074603463192
numThreads
100.0
104
100.0
100.0
100.0
0.0
GCInterval
99.03846153846153
104
100
0
100.0
9.805806756909204
Correlation
                Time   GC Util  heapSize  numThreads  GCInterval
Time        1.000000  0.892860  0.697738         NaN    0.110679
GC Util     0.892860  1.000000  0.870409         NaN    0.145687
heapSize    0.697738  0.870409  1.000000         NaN    0.144529
numThreads       NaN       NaN       NaN         NaN         NaN
GCInterval  0.110679  0.145687  0.144529         NaN    1.000000
R Means Squared
117.69288587087745
