
GC Util
2.3897142857142857
875
105.0
0.0
0.0
8.824769295677665
-2.352243047354809
0.018732840544367583
heapSize
100.06953142857142
875
101.56
100.0
100.0
0.31111394287746513
numThreads
100.0
875
100.0
100.0
100.0
0.0
GCInterval
11.664742857142857
875
100.0
0.0
10.0
12.538628862423169
Correlation
                Time   GC Util  heapSize  numThreads  GCInterval
Time        1.000000 -0.113053  0.342859         NaN   -0.145723
GC Util    -0.113053  1.000000 -0.036861         NaN   -0.068899
heapSize    0.342859 -0.036861  1.000000         NaN   -0.029707
numThreads       NaN       NaN       NaN         NaN         NaN
GCInterval -0.145723 -0.068899 -0.029707         NaN    1.000000
R Means Squared
19.695423688910942
