
GC Util
13.518257188216616
5669
164.0
0.0
9.0
14.139474119161811
13.68928574350413
2.2997734078253164e-42
heapSize
122.28188922208503
5669
170.31
100.0
118.75
15.964281621700708
numThreads
98.46533780208149
5669
100.0
25.0
100.0
10.61905684069802
GCInterval
11.174210619156817
5669
200.0
0.0
10.0
11.344624787644051
Correlation
                Time   GC Util  heapSize  numThreads  GCInterval
Time        1.000000  0.074295  0.209117   -0.018382   -0.037154
GC Util     0.074295  1.000000 -0.255167   -0.066262   -0.018987
heapSize    0.209117 -0.255167  1.000000    0.070986   -0.048311
numThreads -0.018382 -0.066262  0.070986    1.000000    0.011528
GCInterval -0.037154 -0.018987 -0.048311    0.011528    1.000000
R Means Squared
30.019529716551073
