
GC Util
113.75961538461539
104
230.0
0.0
124.5
75.13941672306024
-2.06447513566306
0.038980392335588074
heapSize
17062.23451923077
104
24946.09
100.0
24946.09
11620.07460346319
numThreads
100.0
104
100.0
100.0
100.0
0.0
GCInterval
99.03846153846153
104
100
0
100.0
9.805806756909204
Correlation
                Time   GC Util  heapSize  numThreads  GCInterval
Time        1.000000  0.868137  0.678926         NaN    0.105818
GC Util     0.868137  1.000000  0.892668         NaN    0.149899
heapSize    0.678926  0.892668  1.000000         NaN    0.144529
numThreads       NaN       NaN       NaN         NaN         NaN
GCInterval  0.105818  0.149899  0.144529         NaN    1.000000
R Means Squared
119.9271012548232
