
GC Util
105.75257731958763
97
257.0
0.0
121.0
72.47787463079035
-3.026388191523993
0.0024768282862874494
heapSize
16493.29649484536
97
24946.09
100.0
24946.09
11832.691105027281
numThreads
100.0
97
100.0
100.0
100.0
0.0
GCInterval
98.96907216494846
97
100
0
100.0
10.153461651336192
Correlation
                Time   GC Util  heapSize  numThreads  GCInterval
Time        1.000000  0.856965  0.694488         NaN    0.112138
GC Util     0.856965  1.000000  0.895045         NaN    0.149693
heapSize    0.694488  0.895045  1.000000         NaN    0.142134
numThreads       NaN       NaN       NaN         NaN         NaN
GCInterval  0.112138  0.149693  0.142134         NaN    1.000000
R Means Squared
112.03745691766356
