
GC Util
37.93620622314803
38405
7243.0
0.0
29.0
98.6202575809026
41.6024236121567
0.0
heapSize
115.235927613592
38405
142.97
100.0
110.16
12.446343902566454
numThreads
98.43575055331337
38405
100.0
25.0
100.0
10.717967312528213
GCInterval
11.903728681161306
38405
200.0
0.0
10.0
16.606164700123315
Correlation
                Time   GC Util  heapSize  numThreads  GCInterval
Time        1.000000  0.057727 -0.117381    0.004649   -0.065639
GC Util     0.057727  1.000000 -0.058437    0.026099    0.032033
heapSize   -0.117381 -0.058437  1.000000   -0.016980   -0.009821
numThreads  0.004649  0.026099 -0.016980    1.000000    0.008405
GCInterval -0.065639  0.032033 -0.009821    0.008405    1.000000
R Means Squared
98.64056570685491
