
GC Util
2.3215962441314555
852
107.0
0.0
0.0
8.197036137794575
-2.466780211335172
0.013696321091549389
heapSize
100.0256338028169
852
103.12
100.0
100.0
0.28180415428221733
numThreads
99.82394366197182
852
100.0
25.0
100.0
3.631626250540424
GCInterval
11.711150234741783
852
100.0
0.0
10.0
12.723079183762804
Correlation
                Time   GC Util  heapSize  numThreads  GCInterval
Time        1.000000 -0.145395  0.153667    0.049495   -0.146054
GC Util    -0.145395  1.000000 -0.006747   -0.104676   -0.076943
heapSize    0.153667 -0.006747  1.000000    0.004415   -0.012248
numThreads  0.049495 -0.104676  0.004415    1.000000    0.025506
GCInterval -0.146054 -0.076943 -0.012248    0.025506    1.000000
R Means Squared
19.484314143756308
