
GC Util
27.8638606707415
93419
9158.0
0.0
22.0
106.15162489845449
44.759387500904836
0.0
heapSize
486.0422055470515
93419
24946.09
100.0
116.41
3009.409468634875
numThreads
97.96240593455293
93419
100.0
25.0
100.0
12.19300441885631
GCInterval
12.231985998565602
93419
200.0
0.0
10.0
14.914276726601662
Correlation
                Time   GC Util  heapSize  numThreads  GCInterval
Time        1.000000  0.024223  0.270242    0.010419    0.009681
GC Util     0.024223  1.000000 -0.022784    0.012386    0.001878
heapSize    0.270242 -0.022784  1.000000    0.017238   -0.011794
numThreads  0.010419  0.012386  0.017238    1.000000    0.010982
GCInterval  0.009681  0.001878 -0.011794    0.010982    1.000000
R Means Squared
106.44194264281771
