
GC Util
2.0238095238095237
882
105.0
0.0
0.0
8.365684461176667
-3.0303598033535226
0.0024660033782918384
heapSize
100.09727891156463
882
103.12
100.0
100.0
0.4446343871520601
numThreads
100.0
882
100.0
100.0
100.0
0.0
GCInterval
11.564682539682538
882
100.0
0.0
10.0
12.523591465796432
Correlation
                Time   GC Util  heapSize  numThreads  GCInterval
Time        1.000000 -0.110537  0.257985         NaN   -0.245218
GC Util    -0.110537  1.000000 -0.021093         NaN   -0.044489
heapSize    0.257985 -0.021093  1.000000         NaN   -0.027366
numThreads       NaN       NaN       NaN         NaN         NaN
GCInterval -0.245218 -0.044489 -0.027366         NaN    1.000000
R Means Squared
19.825457191057843
