
GC Util
34.888714082814374
45765
1067.0
0.0
27.0
32.65069753583536
101.54249470154097
0.0
heapSize
621.8198568775266
45765
24946.09
100.0
104.69
3518.6876990326978
numThreads
95.32120616191412
45765
100.0
25.0
100.0
18.13906324859868
GCInterval
11.102132634109035
45765
200.0
0.0
10.0
13.681839807328283
Correlation
                Time   GC Util  heapSize  numThreads  GCInterval
Time        1.000000  0.169045 -0.095039    0.031789   -0.021674
GC Util     0.169045  1.000000 -0.103909    0.114856    0.022305
heapSize   -0.095039 -0.103909  1.000000   -0.015676   -0.002743
numThreads  0.031789  0.114856 -0.015676    1.000000    0.006573
GCInterval -0.021674  0.022305 -0.002743    0.006573    1.000000
R Means Squared
35.8847956970642
