
GC Util
112.69026548672566
113
223.0
0.0
126.0
69.97934384593398
-25.355690263957975
4.1232747223696094e-141
heapSize
17690.15221238938
113
24946.09
100.0
24946.09
11347.802912124014
numThreads
100.0
113
100.0
100.0
100.0
0.0
GCInterval
99.11504424778761
113
100
0
100.0
9.407208683835975
Correlation
                Time   GC Util  heapSize  numThreads  GCInterval
Time        1.000000  0.703795  0.629550         NaN    0.096350
GC Util     0.703795  1.000000  0.841918         NaN    0.152840
heapSize    0.629550  0.841918  1.000000         NaN    0.147122
numThreads       NaN       NaN       NaN         NaN         NaN
GCInterval  0.096350  0.152840  0.147122         NaN    1.000000
R Means Squared
115.95368315481895
