
GC Util
4.202408522464104
2159
983.0
0.0
0.0
26.748827830464617
-1.30837166878782
0.19079658058285107
heapSize
106.5527559055118
2159
123.44
100.0
106.25
6.068678887489721
numThreads
99.75683186660491
2159
100.0
25.0
100.0
4.264610536254739
GCInterval
11.223436776285318
2159
200.0
0.0
10.0
12.791499075926014
Correlation
                Time   GC Util  heapSize  numThreads  GCInterval
Time        1.000000 -0.180879  0.294519    0.068061   -0.116178
GC Util    -0.180879  1.000000 -0.062115   -0.033691    0.095751
heapSize    0.294519 -0.062115  1.000000    0.023835   -0.089044
numThreads  0.068061 -0.033691  0.023835    1.000000    0.011795
GCInterval -0.116178  0.095751 -0.089044    0.011795    1.000000
R Means Squared
31.060139785013313
