
GC Util
109.11504424778761
113
254.0
0.0
123.0
67.36610426462752
0.6645394347990555
0.5063467402383455
heapSize
17690.15221238938
113
24946.09
100.0
24946.09
11347.802912124014
numThreads
100.0
113
100.0
100.0
100.0
0.0
GCInterval
99.11504424778761
113
100
0
100.0
9.407208683835975
Correlation
                Time   GC Util  heapSize  numThreads  GCInterval
Time        1.000000  0.791997  0.628016         NaN    0.095635
GC Util     0.791997  1.000000  0.819446         NaN    0.153732
heapSize    0.628016  0.819446  1.000000         NaN    0.147122
numThreads       NaN       NaN       NaN         NaN         NaN
GCInterval  0.095635  0.153732  0.147122         NaN    1.000000
R Means Squared
111.5326056536554
