
GC Util
12.068778280542986
1105
779.0
0.0
5.0
35.00140748788342
3.964560388491953
7.492273671062131e-05
heapSize
464.46684162895934
1105
24946.09
100.0
100.0
2968.8284699223736
numThreads
99.45701357466064
1105
100.0
25.0
100.0
6.361270961615938
GCInterval
13.01923076923077
1105
200.0
0.0
10.0
17.07537541352519
Correlation
                Time   GC Util  heapSize  numThreads  GCInterval
Time        1.000000  0.075912  0.060952   -0.039375   -0.193157
GC Util     0.075912  1.000000  0.010230   -0.019359   -0.006965
heapSize    0.060952  0.010230  1.000000    0.010443   -0.021130
numThreads -0.039375 -0.019359  0.010443    1.000000    0.014106
GCInterval -0.193157 -0.006965 -0.021130    0.014106    1.000000
R Means Squared
35.87330647775667
