
GC Util
78.87307861220904
2277
2398.0
0.0
31.0
186.61853416360836
11.878170069350569
4.149563284473777e-32
heapSize
133.48614404918752
2277
209.38
100.0
124.22
35.87754841407362
numThreads
98.74835309617919
2277
100.0
25.0
100.0
9.609758292912641
GCInterval
32.861155028546335
2277
200.0
0.0
10.0
51.64197182762571
Correlation
                Time   GC Util  heapSize  numThreads  GCInterval
Time        1.000000  0.227035  0.619366    0.009973    0.240691
GC Util     0.227035  1.000000  0.316776    0.038866    0.488282
heapSize    0.619366  0.316776  1.000000    0.034257    0.438017
numThreads  0.009973  0.038866  0.034257    1.000000    0.048813
GCInterval  0.240691  0.488282  0.438017    0.048813    1.000000
R Means Squared
195.64565362677462
