
GC Util
11.913439635535308
1317
714.0
0.0
4.0
40.64300928496099
3.389968840171822
0.000705935954515504
heapSize
819.1054365983294
1317
24946.09
100.0
100.0
4160.301804942042
numThreads
99.54441913439635
1317
100.0
25.0
100.0
5.829821372437343
GCInterval
13.29259681093394
1317
200.0
0.0
10.0
17.705984111103067
Correlation
                Time   GC Util  heapSize  numThreads  GCInterval
Time        1.000000  0.090595  0.126926   -0.031821   -0.120389
GC Util     0.090595  1.000000 -0.006968   -0.014598   -0.014928
heapSize    0.126926 -0.006968  1.000000    0.013514   -0.021036
numThreads -0.031821 -0.014598  0.013514    1.000000    0.014543
GCInterval -0.120389 -0.014928 -0.021036    0.014543    1.000000
R Means Squared
41.42453870576682
