
GC Util
145.31925343811395
3054
3664.0
0.0
38.5
316.28166087139726
18.012114875407192
1.3105987305125198e-70
heapSize
142.30876882776687
3054
378.12
100.0
148.44
39.12891363519
numThreads
98.7475442043222
3054
100.0
25.0
100.0
9.612273049647525
GCInterval
57.02765225933203
3054
200.0
0.0
10.8
69.75486361625315
Correlation
                Time   GC Util  heapSize  numThreads  GCInterval
Time        1.000000  0.001233  0.113890   -0.004086   -0.011648
GC Util     0.001233  1.000000  0.272509    0.028744    0.466237
heapSize    0.113890  0.272509  1.000000    0.061840    0.471109
numThreads -0.004086  0.028744  0.061840    1.000000    0.074024
GCInterval -0.011648  0.466237  0.471109    0.074024    1.000000
R Means Squared
333.30688418314566
