
GC Util
110.91150442477876
113
221.0
0.0
124.0
67.8721957487174
-25.897280869337855
4.3859037348707315e-147
heapSize
17690.15221238938
113
24946.09
100.0
24946.09
11347.802912124014
numThreads
100.0
113
100.0
100.0
100.0
0.0
GCInterval
99.11504424778761
113
100
0
100.0
9.407208683835975
Correlation
                Time   GC Util  heapSize  numThreads  GCInterval
Time        1.000000  0.739359  0.626718         NaN    0.095107
GC Util     0.739359  1.000000  0.868719         NaN    0.155098
heapSize    0.626718  0.868719  1.000000         NaN    0.147122
numThreads       NaN       NaN       NaN         NaN         NaN
GCInterval  0.095107  0.155098  0.147122         NaN    1.000000
R Means Squared
97.95054739261683
