
GC Util
110.53398058252426
103
247.0
0.0
126.0
74.58930895557491
-17.030859117254842
1.1421125892691499e-64
heapSize
16985.692233009715
103
24946.09
100.0
24946.09
11650.520965718862
numThreads
100.0
103
100.0
100.0
100.0
0.0
GCInterval
99.02912621359224
103
100
0
100.0
9.853292781642928
Correlation
                Time   GC Util  heapSize  numThreads  GCInterval
Time        1.000000  0.884909  0.701600         NaN    0.111991
GC Util     0.884909  1.000000  0.859599         NaN    0.147448
heapSize    0.701600  0.859599  1.000000         NaN    0.144209
numThreads       NaN       NaN       NaN         NaN         NaN
GCInterval  0.111991  0.147448  0.144209         NaN    1.000000
R Means Squared
117.07241970810495
