
GC Util
3.707612456747405
578
105.0
0.0
0.0
11.537564787344293
-2.267892574109091
0.023456772038643724
heapSize
100.0323875432526
578
101.56
100.0
100.0
0.22262381008126225
numThreads
99.87024221453287
578
100.0
25.0
100.0
3.1195887405288865
GCInterval
12.58529411764706
578
100.0
0.0
10.0
15.438767629808076
Correlation
                Time   GC Util  heapSize  numThreads  GCInterval
Time        1.000000 -0.090005  0.245759    0.045948   -0.187731
GC Util    -0.090005  1.000000  0.078428   -0.058838   -0.080809
heapSize    0.245759  0.078428  1.000000    0.006062   -0.024404
numThreads  0.045948 -0.058838  0.006062    1.000000    0.033831
GCInterval -0.187731 -0.080809 -0.024404    0.033831    1.000000
R Means Squared
19.958130914977414
