
GC Util
10.435747663551401
856
98.0
0.0
6.0
13.980038656736761
2.1910326730500516
0.028544552135973962
heapSize
100.26789719626167
856
101.56
100.0
100.0
0.5886897086282062
numThreads
99.64953271028037
856
100.0
25.0
100.0
5.117891997183531
GCInterval
12.557184579439253
856
100.0
0.0
10.0
13.507638658278351
Correlation
                Time   GC Util  heapSize  numThreads  GCInterval
Time        1.000000 -0.327136  0.087585    0.051890   -0.386070
GC Util    -0.327136  1.000000  0.004422   -0.034644   -0.101630
heapSize    0.087585  0.004422  1.000000   -0.014220   -0.079185
numThreads  0.051890 -0.034644 -0.014220    1.000000   -0.007831
GCInterval -0.386070 -0.101630 -0.079185   -0.007831    1.000000
R Means Squared
16.93186593710656
