
GC Util
63.231114177302516
2899
2270.0
0.0
37.0
154.2877054408661
11.710058456057446
1.9333653276526314e-31
heapSize
152.60484649879268
2899
651.56
100.0
120.31
110.05485203316098
numThreads
98.57709555018972
2899
100.0
25.0
100.0
10.23373356465623
GCInterval
24.910382890651952
2899
200.0
0.0
10.0
41.84418267450536
Correlation
                Time   GC Util  heapSize  numThreads  GCInterval
Time        1.000000  0.341323  0.055907   -0.000639    0.344950
GC Util     0.341323  1.000000  0.008836    0.029761    0.518909
heapSize    0.055907  0.008836  1.000000    0.035408    0.139630
numThreads -0.000639  0.029761  0.035408    1.000000    0.047869
GCInterval  0.344950  0.518909  0.139630    0.047869    1.000000
R Means Squared
156.00054284760628
