
GC Util
3.469900389779125
2309
520.0
0.0
0.0
18.329820080754928
-3.0677494925665654
0.0021660055125031215
heapSize
107.74887397141619
2309
121.88
100.0
107.03
5.467389326287435
numThreads
99.93503681247293
2309
100.0
25.0
100.0
2.2068366596567786
GCInterval
10.825768731052403
2309
200.0
0.0
10.0
9.565054594388466
Correlation
                Time   GC Util  heapSize  numThreads  GCInterval
Time        1.000000 -0.225264  0.356599    0.035933   -0.118155
GC Util    -0.225264  1.000000 -0.119618   -0.026558   -0.017287
heapSize    0.356599 -0.119618  1.000000   -0.017189   -0.110391
numThreads  0.035933 -0.026558 -0.017189    1.000000    0.002542
GCInterval -0.118155 -0.017287 -0.110391    0.002542    1.000000
R Means Squared
24.67956619230675
