
GC Util
147.9655172413793
145
285.0
0.0
169.0
85.96376932182142
-10.765820282299357
6.138304805011284e-27
heapSize
19291.462620689657
145
24946.09
100.0
24946.09
10453.429344157632
numThreads
100.0
145
100.0
100.0
100.0
0.0
GCInterval
99.3103448275862
145
100
0
100.0
8.304547985373997
Correlation
                Time   GC Util  heapSize  numThreads  GCInterval
Time        1.000000  0.831578  0.799465         NaN    0.129638
GC Util     0.831578  1.000000  0.838284         NaN    0.143935
heapSize    0.799465  0.838284  1.000000         NaN    0.153522
numThreads       NaN       NaN       NaN         NaN         NaN
GCInterval  0.129638  0.143935  0.153522         NaN    1.000000
R Means Squared
153.99343917954695
