
GC Util
117.31858407079646
113
244.0
0.0
131.0
71.04642163085113
-23.958146979169292
2.8763574350654238e-126
heapSize
17690.15221238938
113
24946.09
100.0
24946.09
11347.802912124014
numThreads
100.0
113
100.0
100.0
100.0
0.0
GCInterval
99.11504424778761
113
100
0
100.0
9.407208683835975
Correlation
                Time   GC Util  heapSize  numThreads  GCInterval
Time        1.000000  0.712004  0.627621         NaN    0.096514
GC Util     0.712004  1.000000  0.881755         NaN    0.156728
heapSize    0.627621  0.881755  1.000000         NaN    0.147122
numThreads       NaN       NaN       NaN         NaN         NaN
GCInterval  0.096514  0.156728  0.147122         NaN    1.000000
R Means Squared
120.30723942642472
