
GC Util
69.71160631383472
5385
4574.0
0.0
38.0
217.82418885874404
10.836900493663475
3.131604843765918e-27
heapSize
121.46152089136491
5385
292.19
100.0
100.78
33.013994474123024
numThreads
97.99442896935933
5385
100.0
25.0
100.0
12.10052490533361
GCInterval
23.047530176415968
5385
200.0
0.0
10.0
38.63261538421702
Correlation
                Time   GC Util  heapSize  numThreads  GCInterval
Time        1.000000  0.151553  0.514508    0.085604    0.220558
GC Util     0.151553  1.000000  0.176970    0.027426    0.438442
heapSize    0.514508  0.176970  1.000000    0.043935    0.336571
numThreads  0.085604  0.027426  0.043935    1.000000    0.046714
GCInterval  0.220558  0.438442  0.336571    0.046714    1.000000
R Means Squared
223.40503581579165
