
GC Util
14.440988835725678
1254
175.0
0.0
8.0
18.308806536385344
0.537808618588006
0.5907434434557575
heapSize
109.39657894736843
1254
136.72
100.0
103.12
10.744732149914727
numThreads
98.98325358851675
1254
100.0
25.0
100.0
8.676533943990087
GCInterval
12.365669856459329
1254
100.0
0.0
10.0
12.221733339909687
Correlation
                Time   GC Util  heapSize  numThreads  GCInterval
Time        1.000000  0.078025  0.647842   -0.037114   -0.228679
GC Util     0.078025  1.000000  0.050121   -0.034855   -0.101373
heapSize    0.647842  0.050121  1.000000    0.030338   -0.100539
numThreads -0.037114 -0.034855  0.030338    1.000000    0.018862
GCInterval -0.228679 -0.101373 -0.100539    0.018862    1.000000
R Means Squared
19.127145301908463
