
GC Util
37.68318395021595
21533
188.0
0.0
27.0
35.01802213805994
-166.3169922120595
0.0
heapSize
376.0826387405378
21533
648.44
100.0
376.56
152.56222081115263
numThreads
86.19212371708541
21533
100.0
12.5
100.0
31.899513852600485
GCInterval
99.99535596526262
21533
100
0
100.0
0.6814715502043968
Correlation
                Time   GC Util  heapSize  numThreads  GCInterval
Time        1.000000 -0.018302  0.996668    0.015222    0.013737
GC Util    -0.018302  1.000000 -0.019766    0.006175    0.007334
heapSize    0.996668 -0.019766  1.000000    0.017363    0.012333
numThreads  0.015222  0.006175  0.017363    1.000000   -0.002950
GCInterval  0.013737  0.007334  0.012333   -0.002950    1.000000
R Means Squared
35.09376815109446
