
GC Util
22.574290484140235
1797
128.0
0.0
14.0
26.534145462047487
-51.806787851828574
0.0
heapSize
139.3450528658876
1797
189.06
100.0
137.5
24.186446276259254
numThreads
91.6249304396216
1797
100.0
12.5
100.0
25.749675145704288
GCInterval
99.94435169727323
1797
100
0
100.0
2.3589892481053587
Correlation
                Time   GC Util  heapSize  numThreads  GCInterval
Time        1.000000  0.120014  0.978352   -0.079263    0.029470
GC Util     0.120014  1.000000  0.136882   -0.074958    0.020081
heapSize    0.978352  0.136882  1.000000   -0.083231    0.038396
numThreads -0.079263 -0.074958 -0.083231    1.000000   -0.007677
GCInterval  0.029470  0.020081  0.038396   -0.007677    1.000000
R Means Squared
31.738374715868755
