
GC Util
39.21533923303835
339
149.0
0.0
34.0
40.68282862679153
-3.3284536762985373
0.0009164464215209248
heapSize
106.0654867256637
339
114.06
100.0
106.25
4.586389884608572
numThreads
82.44837758112094
339
100.0
12.5
100.0
35.090451448548336
GCInterval
99.70501474926253
339
100
0
100.0
5.431254465935683
Correlation
                Time   GC Util  heapSize  numThreads  GCInterval
Time        1.000000  0.351782  0.991295   -0.349816    0.068751
GC Util     0.351782  1.000000  0.371539   -0.404269    0.052508
heapSize    0.991295  0.371539  1.000000   -0.351991    0.072041
numThreads -0.349816 -0.404269 -0.351991    1.000000   -0.027247
GCInterval  0.068751  0.052508  0.072041   -0.027247    1.000000
R Means Squared
40.63035759997769
