
GC Util
30.196891191709845
193
164.0
0.0
30.0
34.088466259889735
-5.572112004677232
4.6381610416791687e-08
heapSize
102.58984455958549
193
106.25
100.0
101.56
2.3371359958745304
numThreads
91.83937823834196
193
100.0
12.5
100.0
25.5113864208004
GCInterval
99.48186528497409
193
100
0
100.0
7.198157507486946
Correlation
                Time   GC Util  heapSize  numThreads  GCInterval
Time        1.000000  0.486700  0.992872   -0.130162    0.086345
GC Util     0.486700  1.000000  0.460971   -0.215096    0.064096
heapSize    0.992872  0.460971  1.000000   -0.145094    0.080180
numThreads -0.130162 -0.215096 -0.145094    1.000000   -0.023146
GCInterval  0.086345  0.064096  0.080180   -0.023146    1.000000
R Means Squared
35.38507633089132
