
GC Util
4.200575603276511
4517
155.0
0.0
0.0
13.694731733750602
-0.9941376103185288
0.32018290120940907
heapSize
127.1948638476865
4517
150.78
100.0
132.03
14.336338466608394
numThreads
98.91520920965242
4517
100.0
12.5
100.0
9.683139002436128
GCInterval
106.54455390746071
4517
114.45
0.0
107.65
8.561827721840032
Correlation
                Time   GC Util  heapSize  numThreads  GCInterval
Time        1.000000 -0.292017  0.664762    0.096928    0.214572
GC Util    -0.292017  1.000000 -0.268932   -0.102098   -0.154434
heapSize    0.664762 -0.268932  1.000000    0.019344    0.204081
numThreads  0.096928 -0.102098  0.019344    1.000000    0.063684
GCInterval  0.214572 -0.154434  0.204081    0.063684    1.000000
R Means Squared
38.328878726518276
