
GC Util
126.86912411227595
14785
1351.0
0.0
129.0
111.87150794906617
-8.549245673956138
1.3022144116114025e-17
heapSize
100.0
14785
100
100
100.0
0.0
numThreads
71.19039567128847
14785
100.0
12.5
100.0
41.121301624009845
GCInterval
99.99323638823131
14785
100
0
100.0
0.8224118049179789
Correlation
                Time   GC Util  heapSize  numThreads  GCInterval
Time        1.000000  0.111432       NaN   -0.037135    0.024392
GC Util     0.111432  1.000000       NaN   -0.001067    0.009327
heapSize         NaN       NaN       NaN         NaN         NaN
numThreads -0.037135 -0.001067       NaN    1.000000   -0.005762
GCInterval  0.024392  0.009327       NaN   -0.005762    1.000000
R Means Squared
141.6355623880267
