
GC Util
19.76212389380531
2825
527.0
0.0
9.0
29.388721237872748
-4.809715041652157
1.5509705562286965e-06
heapSize
124.95873982300886
2825
170.31
100.0
126.56
21.00934518823914
numThreads
94.61061946902655
2825
100.0
12.5
100.0
21.04001130161799
GCInterval
102.00125663716815
2825
113.65
0.0
103.25
12.090643448887349
Correlation
                Time   GC Util  heapSize  numThreads  GCInterval
Time        1.000000  0.032040  0.921570   -0.127084    0.162501
GC Util     0.032040  1.000000  0.033392   -0.204415   -0.055129
heapSize    0.921570  0.033392  1.000000   -0.128418    0.079098
numThreads -0.127084 -0.204415 -0.128418    1.000000    0.061134
GCInterval  0.162501 -0.055129  0.079098    0.061134    1.000000
R Means Squared
35.6786046792529
