
GC Util
8.357124263073272
65305
945.0
0.0
5.0
17.586185956048425
-49.11651518764522
0.0
heapSize
331.6935263762346
65305
472.66
100.0
353.91
85.98926014736782
numThreads
97.78921981471557
65305
100.0
12.5
100.0
13.731664303280942
GCInterval
106.25748028481739
65305
114.05
0.0
106.85
5.506430749423823
Correlation
                Time   GC Util  heapSize  numThreads  GCInterval
Time        1.000000 -0.131417  0.931922    0.089615    0.164057
GC Util    -0.131417  1.000000 -0.164839   -0.240164   -0.097819
heapSize    0.931922 -0.164839  1.000000    0.105607    0.205430
numThreads  0.089615 -0.240164  0.105607    1.000000    0.139183
GCInterval  0.164057 -0.097819  0.205430    0.139183    1.000000
R Means Squared
36.201392038770436
