
GC Util
32.06168446026097
843
129.0
0.0
26.0
25.770243579880063
-18.932533667419584
1.0462130344209885e-73
heapSize
116.75542111506525
843
131.25
100.0
118.75
9.955121965887994
numThreads
93.77224199288256
843
100.0
12.5
100.0
22.510996797042925
GCInterval
99.88137603795967
843
100
0
100.0
3.444182951591452
Correlation
                Time   GC Util  heapSize  numThreads  GCInterval
Time        1.000000  0.042197  0.977806   -0.015695    0.086748
GC Util     0.042197  1.000000 -0.008451   -0.103236    0.042901
heapSize    0.977806 -0.008451  1.000000   -0.006211    0.058038
numThreads -0.015695 -0.103236 -0.006211    1.000000   -0.009540
GCInterval  0.086748  0.042901  0.058038   -0.009540    1.000000
R Means Squared
26.950594048609645
