
GC Util
37.94903307428158
5533
162.0
0.0
27.0
33.37195239531474
-47.31833810458275
0.0
heapSize
179.13259714440628
5533
248.44
100.0
179.69
40.909726262251134
numThreads
82.76251581420567
5533
100.0
12.5
100.0
34.80471146708846
GCInterval
99.98192662208567
5533
100
0
100.0
1.3443726386062822
Correlation
                Time   GC Util  heapSize  numThreads  GCInterval
Time        1.000000  0.081467  0.991707   -0.094254    0.024090
GC Util     0.081467  1.000000  0.084371   -0.161119    0.015290
heapSize    0.991707  0.084371  1.000000   -0.103399    0.026009
numThreads -0.094254 -0.161119 -0.103399    1.000000   -0.006659
GCInterval  0.024090  0.015290  0.026009   -0.006659    1.000000
R Means Squared
33.43190678241219
