
GC Util
50.193548387096776
527
167.0
0.0
45.0
40.921520411908865
-6.507301749659914
1.1055686211133632e-10
heapSize
110.58459203036054
527
123.44
100.0
110.94
7.289439583638134
numThreads
86.05313092979127
527
100.0
12.5
100.0
32.05910393510099
GCInterval
99.81024667931689
527
100
0
100.0
4.356068418690321
Correlation
                Time   GC Util  heapSize  numThreads  GCInterval
Time        1.000000  0.339496  0.862484   -0.161219    0.120828
GC Util     0.339496  1.000000  0.240446   -0.250270    0.053532
heapSize    0.862484  0.240446  1.000000   -0.150121    0.063372
numThreads -0.161219 -0.250270 -0.150121    1.000000   -0.018986
GCInterval  0.120828  0.053532  0.063372   -0.018986    1.000000
R Means Squared
42.13432932633301
