
GC Util
34.026576829496534
5343
911.0
0.0
25.0
50.306764358920816
-0.9340581960035595
0.3502964025084926
heapSize
299.2921355043983
5343
972.66
100.0
201.56
208.21029167036087
numThreads
94.26820138498971
5343
100.0
12.5
100.0
21.651018409496285
GCInterval
100.32121467340446
5343
111.65
0.0
102.05
10.393566644602858
Correlation
                Time   GC Util  heapSize  numThreads  GCInterval
Time        1.000000  0.002820  0.919590   -0.056938    0.120811
GC Util     0.002820  1.000000 -0.026156   -0.118482   -0.170181
heapSize    0.919590 -0.026156  1.000000   -0.080355    0.066996
numThreads -0.056938 -0.118482 -0.080355    1.000000    0.128175
GCInterval  0.120811 -0.170181  0.066996    0.128175    1.000000
R Means Squared
50.65548996576871
