
GC Util
11.415922330097088
2575
792.0
0.0
4.0
36.23250882668575
2.366806493330456
0.01797966625728458
heapSize
103.76941359223301
2575
123.44
100.0
100.0
6.879018227148002
numThreads
99.18446601941747
2575
100.0
12.5
100.0
8.409613090002065
GCInterval
104.44001941747572
2575
114.45
0.0
106.05
13.177827268066778
Correlation
                Time   GC Util  heapSize  numThreads  GCInterval
Time        1.000000  0.104100  0.445225   -0.063604    0.215083
GC Util     0.104100  1.000000  0.079061   -0.172034   -0.147204
heapSize    0.445225  0.079061  1.000000   -0.020258   -0.009395
numThreads -0.063604 -0.172034 -0.020258    1.000000    0.101398
GCInterval  0.215083 -0.147204 -0.009395    0.101398    1.000000
R Means Squared
46.144711169667524
