
GC Util
24.76683937823834
193
151.0
0.0
17.0
30.649438189183957
-15.422280595197671
2.006209872279786e-42
heapSize
102.58984455958549
193
106.25
100.0
101.56
2.3371359958745304
numThreads
87.30569948186529
193
100.0
12.5
100.0
30.895823252181703
GCInterval
99.48186528497409
193
100
0
100.0
7.198157507486947
Correlation
                Time   GC Util  heapSize  numThreads  GCInterval
Time        1.000000  0.251306  0.992943   -0.348822    0.086335
GC Util     0.251306  1.000000  0.222927   -0.357353    0.058469
heapSize    0.992943  0.222927  1.000000   -0.350939    0.080180
numThreads -0.348822 -0.357353 -0.350939    1.000000   -0.029729
GCInterval  0.086335  0.058469  0.080180   -0.029729    1.000000
R Means Squared
34.15508671027683
