
GC Util
11.886498668305675
4881
108.0
0.0
5.0
20.38966268274277
-87.82571906993282
0.0
heapSize
185.09206719934437
4881
276.56
100.0
182.81
48.68075167513479
numThreads
94.51444376152428
4881
100.0
12.5
100.0
21.212897849833283
GCInterval
99.97951239500102
4881
100
0
100.0
1.431349188666959
Correlation
                Time   GC Util  heapSize  numThreads  GCInterval
Time        1.000000 -0.236999  0.991012    0.026814    0.028842
GC Util    -0.236999  1.000000 -0.249210    0.090259    0.008346
heapSize    0.991012 -0.249210  1.000000    0.029854    0.025025
numThreads  0.026814  0.090259  0.029854    1.000000   -0.003702
GCInterval  0.028842  0.008346  0.025025   -0.003702    1.000000
R Means Squared
34.7278292816208
