
GC Util
27.761059089441396
3097
151.0
0.0
21.0
33.28523265788979
-147.51209565329043
0.0
heapSize
173.23618986115596
3097
248.44
100.0
173.44
43.63242307754278
numThreads
77.2279625443978
3097
100.0
12.5
100.0
38.398745834569226
GCInterval
99.96771068776235
3097
100
0
100.0
1.7969227094577362
Correlation
                Time   GC Util  heapSize  numThreads  GCInterval
Time        1.000000  0.135489  0.991050   -0.144042    0.028810
GC Util     0.135489  1.000000  0.133430    0.173172    0.014992
heapSize    0.991050  0.133430  1.000000   -0.157244    0.030171
numThreads -0.144042  0.173172 -0.157244    1.000000   -0.010660
GCInterval  0.028810  0.014992  0.030171   -0.010660    1.000000
R Means Squared
35.45899959451912
