
GC Util
14.616514839847193
3403
151.0
0.0
5.0
25.355616255196324
-85.71588255715446
0.0
heapSize
180.78439024390244
3403
273.44
100.0
181.25
48.084901679739275
numThreads
88.01792535997649
3403
100.0
12.5
100.0
30.085335257827026
GCInterval
99.97061416397297
3403
100
0
100.0
1.714229740350895
Correlation
                Time   GC Util  heapSize  numThreads  GCInterval
Time        1.000000 -0.191171  0.991043    0.022945    0.033994
GC Util    -0.191171  1.000000 -0.188847    0.125537    0.009885
heapSize    0.991043 -0.188847  1.000000    0.026145    0.028808
numThreads  0.022945  0.125537  0.026145    1.000000   -0.006829
GCInterval  0.033994  0.009885  0.028808   -0.006829    1.000000
R Means Squared
35.875335132631676
