
GC Util
21.26085337701988
13429
142.0
0.0
17.0
18.80912231900791
-108.43055804073423
0.0
heapSize
283.0050592002383
13429
459.38
100.0
282.81
101.1134578702177
numThreads
94.90468389306724
13429
100.0
12.5
100.0
20.491685678874873
GCInterval
99.99255342914587
13429
100
0
100.0
0.8629351571306895
Correlation
                Time   GC Util  heapSize  numThreads  GCInterval
Time        1.000000 -0.257215  0.972005   -0.058164    0.024195
GC Util    -0.257215  1.000000 -0.292386    0.069350    0.009755
heapSize    0.972005 -0.292386  1.000000   -0.041078    0.015619
numThreads -0.058164  0.069350 -0.041078    1.000000   -0.002146
GCInterval  0.024195  0.009755  0.015619   -0.002146    1.000000
R Means Squared
26.550185571122604
