
GC Util
32.974014883493965
8197
3976.0
0.0
8.0
112.1519742692924
13.163654211290195
2.2741422687955298e-39
heapSize
262.6008856898866
8197
503.91
100.0
205.47
143.935722137331
numThreads
95.58070025619129
8197
100.0
12.5
100.0
19.162549794818872
GCInterval
100.46565206782971
8197
114.45
0.0
104.45
14.015727051696762
Correlation
                Time   GC Util  heapSize  numThreads  GCInterval
Time        1.000000 -0.004149  0.879999   -0.005289    0.029751
GC Util    -0.004149  1.000000  0.050075   -0.131705   -0.307047
heapSize    0.879999  0.050075  1.000000   -0.087212   -0.135553
numThreads -0.005289 -0.131705 -0.087212    1.000000    0.201552
GCInterval  0.029751 -0.307047 -0.135553    0.201552    1.000000
R Means Squared
112.36500935593278
