
GC Util
25.946099290780143
705
116.0
0.0
29.0
19.472516754865982
-41.42089278984108
4.3186357423135455e-252
heapSize
114.89339007092198
705
131.25
100.0
114.06
9.81635659575171
numThreads
92.80141843971631
705
100.0
12.5
100.0
24.059871420227875
GCInterval
99.8581560283688
705
100
0
100.0
3.7662178857735467
Correlation
                Time   GC Util  heapSize  numThreads  GCInterval
Time        1.000000  0.032739  0.776539   -0.121840    0.103702
GC Util     0.032739  1.000000 -0.025581    0.152508    0.050254
heapSize    0.776539 -0.025581  1.000000   -0.104525    0.057222
numThreads -0.121840  0.152508 -0.104525    1.000000   -0.011284
GCInterval  0.103702  0.050254  0.057222   -0.011284    1.000000
R Means Squared
24.003191277189824
