
GC Util
16.793866020984666
6195
121.0
0.0
6.0
25.6577212137012
-90.09745847521435
0.0
heapSize
218.63999677158995
6195
323.44
100.0
221.88
64.30990257467117
numThreads
93.58757062146893
6195
100.0
12.5
100.0
22.804654507008546
GCInterval
99.98385794995964
6195
100
0
100.0
1.2705136772327608
Correlation
                Time   GC Util  heapSize  numThreads  GCInterval
Time        1.000000 -0.403356  0.991442    0.077115    0.022433
GC Util    -0.403356  1.000000 -0.408701   -0.057789    0.008317
heapSize    0.991442 -0.408701  1.000000    0.073028    0.023442
numThreads  0.077115 -0.057789  0.073028    1.000000   -0.003573
GCInterval  0.022433  0.008317  0.023442   -0.003573    1.000000
R Means Squared
34.59388740810785
