
GC Util
13.834946021591364
12505
772.0
0.0
7.0
22.205759515163596
-15.615984340982662
1.047067620100669e-54
heapSize
189.57660295881647
12505
267.97
100.0
196.88
42.67941035695786
numThreads
95.53578568572571
12505
100.0
12.5
100.0
19.25406940706449
GCInterval
104.27828468612556
12505
114.05
0.0
104.85
7.497135306530353
Correlation
                Time   GC Util  heapSize  numThreads  GCInterval
Time        1.000000 -0.142760  0.938191    0.060958    0.185848
GC Util    -0.142760  1.000000 -0.136421   -0.248244   -0.076784
heapSize    0.938191 -0.136421  1.000000    0.036816    0.188423
numThreads  0.060958 -0.248244  0.036816    1.000000    0.115495
GCInterval  0.185848 -0.076784  0.188423    0.115495    1.000000
R Means Squared
34.317144016520665
