
GC Util
17.119405733930872
16289
128.0
0.0
16.0
14.913549904924347
-361.56657409567
0.0
heapSize
495.29129105531337
16289
892.19
100.0
495.31
229.60210550529573
numThreads
94.53158573270305
16289
100.0
12.5
100.0
21.180421017433055
GCInterval
99.99386088771564
16289
100
0
100.0
0.783524874165695
Correlation
                Time   GC Util  heapSize  numThreads  GCInterval
Time        1.000000 -0.070742  0.991929    0.101642    0.016865
GC Util    -0.070742  1.000000 -0.073076    0.248837    0.008995
heapSize    0.991929 -0.073076  1.000000    0.106000    0.013490
numThreads  0.101642  0.248837  0.106000    1.000000   -0.002023
GCInterval  0.016865  0.008995  0.013490   -0.002023    1.000000
R Means Squared
27.311571000067772
