
GC Util
21.940425531914894
705
113.0
0.0
22.0
25.08297304448744
-48.39826549627586
5.13e-321
heapSize
114.89339007092198
705
131.25
100.0
114.06
9.81635659575171
numThreads
88.82978723404256
705
100.0
12.5
100.0
29.220387945535922
GCInterval
99.8581560283688
705
100
0
100.0
3.7662178857735467
Correlation
                Time   GC Util  heapSize  numThreads  GCInterval
Time        1.000000  0.002404  0.969079   -0.229577    0.089994
GC Util     0.002404  1.000000 -0.037596    0.069975    0.032990
heapSize    0.969079 -0.037596  1.000000   -0.232989    0.057222
numThreads -0.229577  0.069975 -0.232989    1.000000   -0.014418
GCInterval  0.089994  0.032990  0.057222   -0.014418    1.000000
R Means Squared
30.893548639120926
