
GC Util
21.68903244751138
20433
1888.0
0.0
9.0
70.95524528880368
18.640035121625708
3.2675039901444455e-77
heapSize
348.25550139480254
20433
445.31
100.0
411.72
122.74097872564876
numThreads
98.21000342583076
20433
100.0
12.5
100.0
12.386610567219693
GCInterval
103.79648362942298
20433
114.45
0.0
105.25
10.018000353906752
Correlation
                Time   GC Util  heapSize  numThreads  GCInterval
Time        1.000000 -0.148032  0.815243    0.150573    0.277049
GC Util    -0.148032  1.000000 -0.080442   -0.153477   -0.360449
heapSize    0.815243 -0.080442  1.000000    0.081623    0.146953
numThreads  0.150573 -0.153477  0.081623    1.000000    0.219591
GCInterval  0.277049 -0.360449  0.146953    0.219591    1.000000
R Means Squared
73.27818207948312
