
GC Util
33.76932515337423
815
138.0
0.0
31.0
22.124359070627047
-9.866373383494455
2.427759930069098e-22
heapSize
116.34937423312883
815
131.25
100.0
117.19
9.913745364438824
numThreads
94.6319018404908
815
100.0
12.5
100.0
21.01032478585375
GCInterval
99.87730061349693
815
100
0
100.0
3.502847220520296
Correlation
                Time   GC Util  heapSize  numThreads  GCInterval
Time        1.000000  0.122092  0.771217   -0.161595    0.101078
GC Util     0.122092  1.000000 -0.031098   -0.114129    0.053531
heapSize    0.771217 -0.031098  1.000000   -0.105492    0.057839
numThreads -0.161595 -0.114129 -0.105492    1.000000   -0.008961
GCInterval  0.101078  0.053531  0.057839   -0.008961    1.000000
R Means Squared
22.97189533887273
