
GC Util
48.25610085547051
11105
194.0
0.0
51.0
36.679829753802366
-295.5794499407058
0.0
heapSize
368.74464115263396
11105
645.31
100.0
368.75
156.55322594003925
numThreads
85.9590274651058
11105
100.0
12.5
100.0
32.117426356780165
GCInterval
99.990995047276
11105
100
0
100.0
0.9489442936230875
Correlation
                Time   GC Util  heapSize  numThreads  GCInterval
Time        1.000000  0.241820  0.996128    0.136722    0.018377
GC Util     0.241820  1.000000  0.248512    0.446319    0.012485
heapSize    0.996128  0.248512  1.000000    0.143590    0.016291
numThreads  0.136722  0.446319  0.143590    1.000000   -0.004149
GCInterval  0.018377  0.012485  0.016291   -0.004149    1.000000
R Means Squared
37.595903481326495
