
GC Util
2.180318208603418
1697
76.0
0.0
0.0
6.825521898810113
-3.995869019368253
6.57951350311416e-05
heapSize
100.45435474366528
1697
104.69
100.0
100.0
0.9669359059692345
numThreads
99.89687684148497
1697
100.0
12.5
100.0
3.0029911824739735
GCInterval
105.74186800235711
1697
114.45
0.0
107.65
14.029788112028474
Correlation
                Time   GC Util  heapSize  numThreads  GCInterval
Time        1.000000 -0.246640  0.646685   -0.035409    0.171433
GC Util    -0.246640  1.000000 -0.057891    0.010976   -0.279418
heapSize    0.646685 -0.057891  1.000000   -0.039289    0.058653
numThreads -0.035409  0.010976 -0.039289    1.000000   -0.004673
GCInterval  0.171433 -0.279418  0.058653   -0.004673    1.000000
R Means Squared
38.43030870275184
