
GC Util
35.02907952638026
22043
183.0
0.0
22.0
34.470573156775735
-92.79443771888913
0.0
heapSize
383.03442544118315
22043
656.25
100.0
382.81
157.0073974033396
numThreads
84.79676087646872
22043
100.0
12.5
100.0
33.15410697631449
GCInterval
99.99546341242117
22043
100
0
100.0
0.673541949608427
Correlation
                Time   GC Util  heapSize  numThreads  GCInterval
Time        1.000000  0.302639  0.979236   -0.125461    0.008785
GC Util     0.302639  1.000000  0.294798   -0.094538    0.006845
heapSize    0.979236  0.294798  1.000000   -0.126758    0.012142
numThreads -0.125461 -0.094538 -0.126758    1.000000   -0.003089
GCInterval  0.008785  0.006845  0.012142   -0.003089    1.000000
R Means Squared
34.82637735182889
