
GC Util
36.134357005758154
521
154.0
0.0
38.0
30.670977104698135
-39.74201662768421
6.277135553230984e-221
heapSize
110.43654510556621
521
123.44
100.0
110.94
7.198625747747596
numThreads
91.26679462571977
521
100.0
12.5
100.0
26.252798955064733
GCInterval
99.8080614203455
521
100
0
100.0
4.381079543383233
Correlation
                Time   GC Util  heapSize  numThreads  GCInterval
Time        1.000000  0.252180  0.858867   -0.106680    0.119119
GC Util     0.252180  1.000000  0.132663   -0.208772    0.051714
heapSize    0.858867  0.132663  1.000000   -0.081631    0.063639
numThreads -0.106680 -0.208772 -0.081631    1.000000   -0.014602
GCInterval  0.119119  0.051714  0.063639   -0.014602    1.000000
R Means Squared
30.884404626546978
