
GC Util
37.6537891340368
11467
157.0
0.0
28.0
35.52872618027361
-97.09876019044543
0.0
heapSize
251.94794976890205
11467
398.44
100.0
253.12
82.112584103097
numThreads
85.24243481294148
11467
100.0
12.5
100.0
32.765757252860716
GCInterval
99.99127932327549
11467
100
0
100.0
0.9338456363079406
Correlation
                Time   GC Util  heapSize  numThreads  GCInterval
Time        1.000000 -0.013359  0.996733   -0.012331    0.022743
GC Util    -0.013359  1.000000 -0.016947    0.033147    0.009898
heapSize    0.996733 -0.016947  1.000000   -0.011040    0.017282
numThreads -0.012331  0.033147 -0.011040    1.000000   -0.004206
GCInterval  0.022743  0.009898  0.017282   -0.004206    1.000000
R Means Squared
35.604564442732766
