
GC Util
29.69321533923304
339
142.0
0.0
31.0
34.27758658362445
-23.744123623827814
5.321959650911675e-93
heapSize
106.0654867256637
339
114.06
100.0
106.25
4.586389884608573
numThreads
87.09439528023599
339
100.0
12.5
100.0
31.073042377228195
GCInterval
99.70501474926253
339
100
0
100.0
5.431254465935683
Correlation
                Time   GC Util  heapSize  numThreads  GCInterval
Time        1.000000  0.192466  0.990824   -0.086458    0.069279
GC Util     0.192466  1.000000  0.185797   -0.148587    0.047188
heapSize    0.990824  0.185797  1.000000   -0.101916    0.072041
numThreads -0.086458 -0.148587 -0.101916    1.000000   -0.022624
GCInterval  0.069279  0.047188  0.072041   -0.022624    1.000000
R Means Squared
35.74516490603018
