
GC Util
34.71177638613105
6547
958.0
0.0
26.0
45.294266702259584
-7.97145438001817
1.700883902131108e-15
heapSize
616.35584848022
6547
1722.66
100.0
530.47
464.00052242452205
numThreads
91.33954482969298
6547
100.0
12.5
100.0
26.13217651733372
GCInterval
99.75757598900259
6547
112.85
0.0
102.05
10.41373038406062
Correlation
                Time   GC Util  heapSize  numThreads  GCInterval
Time        1.000000 -0.089772  0.954922    0.126016    0.192041
GC Util    -0.089772  1.000000 -0.114015   -0.154272   -0.146023
heapSize    0.954922 -0.114015  1.000000    0.119414    0.176753
numThreads  0.126016 -0.154272  0.119414    1.000000    0.168641
GCInterval  0.192041 -0.146023  0.176753    0.168641    1.000000
R Means Squared
45.59849278953145
