
GC Util
11.16532507739938
1615
101.0
0.0
6.0
15.308129268069939
4.088484080444211
4.450939380614432e-05
heapSize
100.44819814241484
1615
101.56
100.0
100.0
0.706127657032557
numThreads
99.24148606811146
1615
100.0
12.5
100.0
8.113901071810064
GCInterval
103.58256965944273
1615
113.25
0.0
105.65
15.493615062503228
Correlation
                Time   GC Util  heapSize  numThreads  GCInterval
Time        1.000000 -0.342175  0.138080    0.114780    0.418261
GC Util    -0.342175  1.000000 -0.000779   -0.375225   -0.112040
heapSize    0.138080 -0.000779  1.000000    0.000329    0.102701
numThreads  0.114780 -0.375225  0.000329    1.000000    0.008563
GCInterval  0.418261 -0.112040  0.102701    0.008563    1.000000
R Means Squared
32.64402239526273
