
GC Util
27.019363883290985
11413
168.0
0.0
12.0
35.23135781491335
-304.35121519146537
0.0
heapSize
376.2502024007711
11413
654.69
100.0
376.56
160.87095793919684
numThreads
78.36458424603522
11413
100.0
12.5
100.0
37.7509275761002
GCInterval
99.99123806185928
11413
100
0
100.0
0.9360522496483151
Correlation
                Time   GC Util  heapSize  numThreads  GCInterval
Time        1.000000  0.358099  0.977409   -0.080649    0.011803
GC Util     0.358099  1.000000  0.322860    0.188111    0.007179
heapSize    0.977409  0.322860  1.000000   -0.091521    0.016075
numThreads -0.080649  0.188111 -0.091521    1.000000   -0.005365
GCInterval  0.011803  0.007179  0.016075   -0.005365    1.000000
R Means Squared
37.54512924527875
