
GC Util
16.752915291529153
4545
124.0
0.0
5.0
25.157625985342797
-80.27388869032538
0.0
heapSize
208.9445588558856
4545
360.94
100.0
207.81
64.73246525335954
numThreads
90.14301430143014
4545
100.0
12.5
100.0
27.667571400417472
GCInterval
99.97799779977998
4545
100
0
100.0
1.4833138649666155
Correlation
                Time   GC Util  heapSize  numThreads  GCInterval
Time        1.000000 -0.324860  0.992060    0.021812    0.024392
GC Util    -0.324860  1.000000 -0.322840    0.097532    0.009880
heapSize    0.992060 -0.322840  1.000000    0.029313    0.024970
numThreads  0.021812  0.097532  0.029313    1.000000   -0.005286
GCInterval  0.024392  0.009880  0.024970   -0.005286    1.000000
R Means Squared
34.25191730960383
