
GC Util
26.164948453608247
97
49.0
0.0
33.0
19.475240912272824
-7.276775989896704
6.9620937616851795e-12
heapSize
100.51463917525773
97
101.56
100.0
100.0
0.737283954027199
numThreads
98.19587628865979
97
100.0
12.5
100.0
12.498657573963806
GCInterval
98.96907216494846
97
100
0
100.0
10.15346165133619
Correlation
                Time   GC Util  heapSize  numThreads  GCInterval
Time        1.000000  0.976027  0.690075   -0.106481    0.136269
GC Util     0.976027  1.000000  0.668527   -0.171010    0.137833
heapSize    0.690075  0.668527  1.000000   -0.206793    0.071611
numThreads -0.106481 -0.171010 -0.206793    1.000000   -0.014809
GCInterval  0.136269  0.137833  0.071611   -0.014809    1.000000
R Means Squared
23.80721540110559
