
GC Util
72.47676256718306
3163
6643.0
0.0
26.0
212.8871953671992
8.063857966648795
8.864650133975766e-16
heapSize
190.73979766044894
3163
532.81
100.0
137.5
112.31310668102638
numThreads
91.31362630414164
3163
100.0
12.5
100.0
26.169087114388837
GCInterval
93.42183054062599
3163
113.65
0.0
100.45
17.108054621217782
Correlation
                Time   GC Util  heapSize  numThreads  GCInterval
Time        1.000000  0.197357  0.862148   -0.230127   -0.404609
GC Util     0.197357  1.000000  0.243959   -0.025751   -0.273664
heapSize    0.862148  0.243959  1.000000   -0.229124   -0.531882
numThreads -0.230127 -0.025751 -0.229124    1.000000    0.091871
GCInterval -0.404609 -0.273664 -0.531882    0.091871    1.000000
R Means Squared
215.31690501638795
