
GC Util
39.918950731461244
5947
189.0
0.0
30.0
38.6142638768132
-169.34604860266143
0.0
heapSize
242.86034975617957
5947
396.88
100.0
242.19
83.90908538293267
numThreads
80.10761728602657
5947
100.0
12.5
100.0
36.675642859651084
GCInterval
99.98318479905835
5947
100
0
100.0
1.2967343961525528
Correlation
                Time   GC Util  heapSize  numThreads  GCInterval
Time        1.000000  0.177520  0.993707    0.071160    0.029319
GC Util     0.177520  1.000000  0.176186    0.370548    0.013408
heapSize    0.993707  0.176186  1.000000    0.076645    0.022081
numThreads  0.071160  0.370548  0.076645    1.000000   -0.007034
GCInterval  0.029319  0.013408  0.022081   -0.007034    1.000000
R Means Squared
38.61110227338458
