
GC Util
58.72685779489374
7011
1236.0
0.0
39.0
102.77932396181687
12.447980188955801
2.2725805671462623e-35
heapSize
176.5186563970903
7011
617.19
100.0
100.0
124.49260230555021
numThreads
94.23406076166025
7011
100.0
12.5
100.0
21.710385920508646
GCInterval
95.78166452717159
7011
114.05
0.0
100.45
13.460453756529327
Correlation
                Time   GC Util  heapSize  numThreads  GCInterval
Time        1.000000  0.255472  0.890130   -0.264394   -0.416928
GC Util     0.255472  1.000000  0.253315   -0.062765   -0.358841
heapSize    0.890130  0.253315  1.000000   -0.230119   -0.443026
numThreads -0.264394 -0.062765 -0.230119    1.000000    0.175758
GCInterval -0.416928 -0.358841 -0.443026    0.175758    1.000000
R Means Squared
104.46424230525382
