
GC Util
16.92371555385254
31317
147.0
0.0
16.0
12.78528424825951
-164.91846960633413
0.0
heapSize
506.5196123511192
31317
893.75
100.0
509.38
224.48244471350986
numThreads
92.92556758310182
31317
100.0
12.5
100.0
23.853373157127766
GCInterval
99.99680684612191
31317
100
0
100.0
0.5650799835497083
Correlation
                Time   GC Util  heapSize  numThreads  GCInterval
Time        1.000000 -0.196249  0.992258   -0.061294    0.012256
GC Util    -0.196249  1.000000 -0.210442    0.251151    0.007480
heapSize    0.992258 -0.210442  1.000000   -0.061240    0.010233
numThreads -0.061294  0.251151 -0.061240    1.000000   -0.001676
GCInterval  0.012256  0.007480  0.010233   -0.001676    1.000000
R Means Squared
26.381303559669377
