
GC Util
3.559825327510917
1145
68.0
0.0
0.0
8.776466066294535
-2.50926119157359
0.012166195318909471
heapSize
100.2821135371179
1145
103.91
100.0
100.0
0.6954773259239149
numThreads
100.0
1145
100.0
100.0
100.0
0.0
GCInterval
103.20903930131004
1145
114.45
0.0
105.25
18.735651011680805
Correlation
                Time   GC Util  heapSize  numThreads  GCInterval
Time        1.000000 -0.221713  0.693513         NaN    0.210094
GC Util    -0.221713  1.000000 -0.005129         NaN   -0.279470
heapSize    0.693513 -0.005129  1.000000         NaN    0.030351
numThreads       NaN       NaN       NaN         NaN         NaN
GCInterval  0.210094 -0.279470  0.030351         NaN    1.000000
R Means Squared
37.48126751921767
