
GC Util
18.251851851851853
7425
128.0
0.0
16.0
18.274624083049044
-155.83923767865545
0.0
heapSize
278.88887811447813
7425
459.38
100.0
278.12
104.65283500309826
numThreads
92.29292929292929
7425
100.0
12.5
100.0
24.800253695268125
GCInterval
99.98653198653199
7425
100
0
100.0
1.1605177063713181
Correlation
                Time   GC Util  heapSize  numThreads  GCInterval
Time        1.000000 -0.181000  0.963949    0.020490    0.031049
GC Util    -0.181000  1.000000 -0.198897    0.239425    0.011592
heapSize    0.963949 -0.198897  1.000000    0.022548    0.019840
numThreads  0.020490  0.239425  0.022548    1.000000   -0.003607
GCInterval  0.031049  0.011592  0.019840   -0.003607    1.000000
R Means Squared
28.405965134437086
