
GC Util
19.982466393921683
1711
142.0
0.0
6.0
28.28945491953385
-133.90215177272543
0.0
heapSize
139.56561075394507
1711
189.06
100.0
139.06
24.33273561554718
numThreads
80.66919929865576
1711
100.0
12.5
100.0
36.31164866182461
GCInterval
99.9415546464056
1711
100
0
100.0
2.417547385148619
Correlation
                Time   GC Util  heapSize  numThreads  GCInterval
Time        1.000000  0.158221  0.973994   -0.112618    0.030440
GC Util     0.158221  1.000000  0.182021    0.062733    0.017087
heapSize    0.973994  0.182021  1.000000   -0.146077    0.039333
numThreads -0.112618  0.062733 -0.146077    1.000000   -0.012878
GCInterval  0.030440  0.017087  0.039333   -0.012878    1.000000
R Means Squared
34.64862446172173
